... building the model
initial logistic W: [[-0.10706537  0.10843016  0.02990629]
 [-0.04210322  0.06224991 -0.00892867]
 [-0.09636574  0.06428511 -0.09170145]
 ..., 
 [-0.00955791  0.10859611  0.05878998]
 [ 0.06439649  0.0761956  -0.09901121]
 [ 0.03055619 -0.0995882  -0.08736119]]
initial logistic b: [ 0.  0.  0.]
W
[[-0.10706537  0.10843016  0.02990629]
 [-0.04210322  0.06224991 -0.00892867]
 [-0.09636574  0.06428511 -0.09170145]
 ..., 
 [-0.00955791  0.10859611  0.05878998]
 [ 0.06439649  0.0761956  -0.09901121]
 [ 0.03055619 -0.0995882  -0.08736119]]
b
[ 0.  0.  0.]
W
[[-0.06731597  0.02664632 -0.01358892 ...,  0.07117069 -0.07737064
   0.03207882]
 [ 0.08378501  0.05266919  0.00342838 ..., -0.08049095  0.0040054
  -0.00496547]
 [-0.02158035  0.09396777  0.00334662 ..., -0.07121416 -0.03377277
   0.01478175]
 [-0.07485921  0.0601715  -0.10176339 ...,  0.0797961   0.09911817
   0.08282782]]
b
[ 0.  0.  0.  0.  0.  0.  0.  0.  0.  0.  0.  0.  0.  0.  0.  0.  0.  0.
  0.  0.  0.  0.  0.  0.  0.  0.  0.  0.  0.  0.  0.  0.  0.  0.  0.  0.
  0.  0.  0.  0.  0.  0.  0.  0.  0.  0.  0.  0.  0.  0.  0.  0.  0.  0.
  0.  0.  0.  0.  0.  0.  0.  0.  0.  0.  0.  0.  0.  0.  0.  0.  0.  0.
  0.  0.  0.  0.  0.  0.  0.  0.  0.  0.  0.  0.  0.  0.  0.  0.  0.  0.
  0.  0.  0.  0.  0.  0.  0.  0.  0.  0.  0.  0.  0.  0.  0.  0.  0.  0.
  0.  0.  0.  0.  0.  0.  0.  0.  0.  0.  0.  0.  0.  0.  0.  0.  0.  0.
  0.  0.  0.  0.  0.  0.  0.  0.  0.  0.  0.  0.  0.  0.  0.  0.  0.  0.
  0.  0.  0.  0.  0.  0.  0.  0.  0.  0.  0.  0.  0.  0.  0.  0.  0.  0.
  0.  0.  0.  0.  0.  0.  0.  0.  0.  0.  0.  0.  0.  0.  0.  0.  0.  0.
  0.  0.  0.  0.  0.  0.  0.  0.  0.  0.  0.  0.  0.  0.  0.  0.  0.  0.
  0.  0.  0.  0.  0.  0.  0.  0.  0.  0.  0.  0.  0.  0.  0.  0.  0.  0.
  0.  0.  0.  0.  0.  0.  0.  0.  0.  0.  0.  0.  0.  0.  0.  0.  0.  0.
  0.  0.  0.  0.  0.  0.  0.  0.  0.  0.  0.  0.  0.  0.  0.  0.  0.  0.
  0.  0.  0.  0.  0.  0.  0.  0.  0.  0.  0.  0.  0.  0.  0.  0.  0.  0.
  0.  0.  0.  0.  0.  0.  0.  0.  0.  0.  0.  0.  0.  0.  0.  0.  0.  0.
  0.  0.  0.  0.  0.  0.  0.  0.  0.  0.  0.  0.  0.  0.  0.  0.  0.  0.
  0.  0.  0.  0.  0.  0.  0.  0.  0.  0.  0.  0.  0.  0.  0.  0.  0.  0.
  0.  0.  0.  0.  0.  0.  0.  0.  0.  0.  0.  0.  0.  0.  0.  0.  0.  0.
  0.  0.  0.  0.  0.  0.  0.  0.  0.  0.  0.  0.  0.  0.  0.  0.  0.  0.
  0.  0.  0.  0.  0.  0.  0.  0.  0.  0.  0.  0.  0.  0.  0.  0.  0.  0.
  0.  0.  0.  0.  0.  0.  0.  0.  0.  0.  0.  0.  0.  0.  0.  0.  0.  0.
  0.  0.  0.  0.  0.  0.  0.  0.  0.  0.  0.  0.  0.  0.  0.  0.  0.  0.
  0.  0.  0.  0.  0.  0.  0.  0.  0.  0.  0.  0.  0.  0.  0.  0.  0.  0.
  0.  0.  0.  0.  0.  0.  0.  0.  0.  0.  0.  0.  0.  0.  0.  0.  0.  0.
  0.  0.  0.  0.  0.  0.  0.  0.  0.  0.  0.  0.  0.  0.  0.  0.  0.  0.
  0.  0.  0.  0.  0.  0.  0.  0.  0.  0.  0.  0.  0.  0.  0.  0.  0.  0.
  0.  0.  0.  0.  0.  0.  0.  0.  0.  0.  0.  0.  0.  0.]
... training
epoch 1, minibatch 200/200, validation error 4.700000 %
     epoch 1, minibatch 200/200, test error of best model 4.700000 %
epoch 2, minibatch 200/200, validation error 4.700000 %
epoch 3, minibatch 200/200, validation error 4.700000 %
epoch 4, minibatch 200/200, validation error 4.700000 %
epoch 5, minibatch 200/200, validation error 4.700000 %
epoch 6, minibatch 200/200, validation error 4.700000 %
epoch 7, minibatch 200/200, validation error 4.700000 %
epoch 8, minibatch 200/200, validation error 4.700000 %
epoch 9, minibatch 200/200, validation error 4.700000 %
epoch 10, minibatch 200/200, validation error 4.700000 %
epoch 11, minibatch 200/200, validation error 4.700000 %
