modprobe: ERROR: could not insert 'nvidia_340': No such device
WARNING (theano.sandbox.cuda): CUDA is installed, but device gpu is not available  (error: Unable to get the number of gpus available: no CUDA-capable device is detected)
Label 0.0 : 47837
Label 1.0 : 1082
Label 2.0 : 1082
... building the model
add hidden layer  1  with unit 10
initial logistic W: [[-0.49945349  0.36047769  0.6568498 ]
 [ 0.45732296 -0.47802711  0.50058669]
 [ 0.2255048   0.47632158 -0.52495092]
 [-0.21205635 -0.37173173 -0.440642  ]
 [ 0.36757219  0.17324588  0.04341963]
 [ 0.02352425 -0.22082552  0.25009152]
 [-0.57902014 -0.37249008 -0.57193202]
 [-0.59975123 -0.23027761  0.53170443]
 [-0.11559822  0.4089106   0.37222895]
 [-0.43887255  0.62766552  0.19395453]]
initial logistic b: [ 0.  0.  0.]
The parameters are:
W
[[-0.49945349  0.36047769  0.6568498 ]
 [ 0.45732296 -0.47802711  0.50058669]
 [ 0.2255048   0.47632158 -0.52495092]
 [-0.21205635 -0.37173173 -0.440642  ]
 [ 0.36757219  0.17324588  0.04341963]
 [ 0.02352425 -0.22082552  0.25009152]
 [-0.57902014 -0.37249008 -0.57193202]
 [-0.59975123 -0.23027761  0.53170443]
 [-0.11559822  0.4089106   0.37222895]
 [-0.43887255  0.62766552  0.19395453]]
b
[ 0.  0.  0.]
W
[[-0.40389585  0.15987791 -0.08153353  0.37362209  0.36657438 -0.29774618
  -0.29267699  0.39524347  0.59984523  0.49221137]
 [-0.18616089  0.00130293  0.24020937  0.27849233 -0.16988164  0.08012462
   0.00403681 -0.63662654  0.35721388  0.50099492]
 [-0.17690577  0.15108906 -0.55595648 -0.1717497   0.56711352  0.19820051
  -0.13459341  0.3780365  -0.23981781  0.08916207]
 [ 0.48330119 -0.0835686   0.39560413 -0.46641871  0.26744038  0.26785982
  -0.36818755  0.55628228 -0.07575554  0.53592038]]
b
[ 0.  0.  0.  0.  0.  0.  0.  0.  0.  0.]
W
[[-0.48220482 -0.34584618 -0.49584743  0.19157247  0.10365625  0.03648946
  -0.50026345  0.06729656 -0.18658887  0.00325   ]
 [-0.42514849  0.11742482  0.07223874 -0.54031289  0.12865095  0.45145801
   0.31825325  0.53904825  0.50259215  0.31983069]
 [-0.23524579  0.13683939 -0.02399704 -0.33337113 -0.12891477 -0.48870689
  -0.05296652  0.52800971 -0.41195014 -0.41694734]
 [ 0.26128891  0.09563634 -0.031075   -0.43037102 -0.29662621  0.43813992
  -0.09119193  0.03927353 -0.54092145 -0.21838607]
 [-0.06913006  0.12285307  0.45811304  0.13773762  0.22565903 -0.38358796
   0.26954895  0.3626      0.14648925 -0.06757814]
 [-0.38058746  0.07493898  0.03091815  0.49451545 -0.02151544  0.00280386
   0.04039804  0.34966835 -0.48515552  0.18559222]
 [ 0.2926116   0.22797896  0.32520172  0.06327382  0.51029837 -0.38652024
  -0.51524591  0.10285517 -0.42276984  0.49383745]
 [-0.19092797 -0.33562392 -0.04621502  0.46052796  0.41524947 -0.27099586
  -0.16649802 -0.34770662  0.44014552  0.22624026]
 [ 0.24829191  0.43827426  0.30580863  0.10861862 -0.22881083 -0.38187736
  -0.18055712  0.17258933 -0.46737984 -0.48746607]
 [-0.19368038  0.09911785  0.38767645 -0.23326142 -0.35813692 -0.40090969
   0.54186612 -0.35109249 -0.19986744  0.07480948]]
b
[ 0.  0.  0.  0.  0.  0.  0.  0.  0.  0.]
... training
epoch 1, minibatch 2000/2000, validation error 66.780000 %
The parameters are:
W
[[-0.47964355  0.37288359  0.62257326]
 [ 0.4424012  -0.48639956  0.52191782]
 [ 0.1963823   0.44440031 -0.464614  ]
 [-0.2123127  -0.37016112 -0.43781403]
 [ 0.3840968   0.18986137  0.00791722]
 [ 0.04905226 -0.19384956  0.19737566]
 [-0.61162126 -0.40983844 -0.49579215]
 [-0.60057873 -0.2307637   0.53419751]
 [-0.12343515  0.39352757  0.3927584 ]
 [-0.421552    0.63579077  0.16692181]]
b
[-0.02711922  0.00343052  0.02368873]
W
[[ -4.17484462e-01   1.98575601e-01  -6.22122549e-02   4.01143819e-01
    3.63829255e-01  -3.00959975e-01  -2.98387736e-01   3.51040065e-01
    6.10761583e-01   4.72434372e-01]
 [ -2.00511947e-01   3.80767621e-02   2.54683197e-01   3.02636743e-01
   -1.69985428e-01   7.45908320e-02  -5.68909978e-04  -6.71515942e-01
    3.65763813e-01   4.83785599e-01]
 [ -1.91707700e-01   1.89027965e-01  -5.36733091e-01  -1.43893450e-01
    5.63923359e-01   1.92319706e-01  -1.39721066e-01   3.36341202e-01
   -2.27342606e-01   7.21182376e-02]
 [  4.65865016e-01  -4.47160453e-02   4.11045402e-01  -4.37342197e-01
    2.65424818e-01   2.61724979e-01  -3.72413993e-01   5.13819337e-01
   -6.38909414e-02   5.17037213e-01]]
b
[-0.01189384  0.01127833 -0.00374728 -0.00070497  0.00349253 -0.00728581
  0.02185956  0.00089907 -0.0110854   0.02652522]
W
[[-0.49457636 -0.35615063 -0.48026285  0.19404146  0.10787185  0.03049168
  -0.49736801  0.04632725 -0.1907351   0.00232911]
 [-0.4094134   0.12794009  0.05932197 -0.54133672  0.12371308  0.4551301
   0.31612453  0.55689585  0.50544727  0.31965226]
 [-0.23297442  0.1354237  -0.0236294  -0.33227333 -0.12862305 -0.48692626
  -0.05264058  0.52679253 -0.40955624 -0.41399735]
 [ 0.26309988  0.09731796 -0.0331872  -0.42930728 -0.29629564  0.43738469
  -0.09098686  0.04319797 -0.53774673 -0.21715041]
 [-0.02516436  0.15557113  0.41575795  0.12743084  0.21067335 -0.36496806
   0.26614615  0.42267892  0.16119547 -0.06300751]
 [-0.36696532  0.08127669  0.02121575  0.48988461 -0.02515943  0.00660394
   0.03989271  0.36388379 -0.47857824  0.18763824]
 [ 0.25495633  0.20031519  0.35716975  0.07114395  0.51992249 -0.39885393
  -0.51141918  0.05160638 -0.43399307  0.48761716]
 [-0.15966624 -0.30995861 -0.07583863  0.4518646   0.40345851 -0.2574932
  -0.16743027 -0.302939    0.44890901  0.22767812]
 [ 0.2778208   0.45838535  0.27715018  0.10137052 -0.23767018 -0.36890271
  -0.18126279  0.21423531 -0.45460171 -0.48161697]
 [-0.13760006  0.14097799  0.3351095  -0.24468501 -0.37435979 -0.37755772
   0.53656679 -0.27150175 -0.17978819  0.07977454]]
b
[  2.61030663e-02  -6.89354958e-03   7.32461363e-03  -5.73859317e-03
  -2.39223428e-03  -9.21978935e-05  -6.84007013e-04   2.58758646e-02
   1.15075400e-02   1.82522088e-02]
     epoch 1, minibatch 2000/2000, test error of best model 66.465728 %
epoch 2, minibatch 2000/2000, validation error 66.840000 %
The parameters are:
W
[[-0.47388372  0.3719686   0.61565369]
 [ 0.43872264 -0.48430285  0.52153432]
 [ 0.19376965  0.43679953 -0.45512629]
 [-0.21293978 -0.3686868  -0.43451843]
 [ 0.3838329   0.19112076  0.00458088]
 [ 0.0512797  -0.18816382  0.18925318]
 [-0.61046535 -0.41733113 -0.48330396]
 [-0.59825021 -0.2277749   0.53005058]
 [-0.12240779  0.38682348  0.39574996]
 [-0.41613626  0.63218117  0.16353615]]
b
[-0.02296254  0.01242996  0.01053257]
W
[[-0.41687718  0.20328377 -0.05829668  0.40396091  0.3618851  -0.29961112
  -0.30042681  0.34243608  0.61318189  0.46578395]
 [-0.20037521  0.04076441  0.2537446   0.30221665 -0.16971837  0.07363402
  -0.00119673 -0.67112088  0.36560303  0.47918278]
 [-0.19218341  0.19293435 -0.53291249 -0.14067495  0.56134611  0.19103602
  -0.1410481   0.33011064 -0.2234688   0.06798556]
 [ 0.4627836  -0.03990596  0.41110429 -0.43291551  0.26402232  0.26018077
  -0.3728404   0.50687867 -0.06062742  0.51111126]]
b
[-0.00931447  0.00329758 -0.0076788  -0.00704194  0.00282892 -0.00723587
  0.02946443  0.00988571 -0.01434379  0.0366701 ]
W
[[-0.4932591  -0.35708791 -0.47631288  0.193435    0.10777718  0.02946107
  -0.494865    0.04405994 -0.19010222  0.0032243 ]
 [-0.40688333  0.12945339  0.0572096  -0.53937608  0.12288964  0.45410112
   0.31438568  0.55669373  0.50368488  0.31773642]
 [-0.23172659  0.13331522 -0.0226284  -0.33093128 -0.12803191 -0.4854537
  -0.05236087  0.52413321 -0.40754423 -0.41112772]
 [ 0.26214057  0.09711198 -0.03331286 -0.42760295 -0.29513279  0.43569675
  -0.09075398  0.04329822 -0.53554016 -0.2162457 ]
 [-0.02017182  0.16206975  0.40689906  0.12585738  0.20795643 -0.3605189
   0.26400965  0.4298155   0.16227281 -0.06406798]
 [-0.36384767  0.08031449  0.02076178  0.487616   -0.02541661  0.00653477
   0.03969161  0.36371055 -0.47574711  0.18829694]
 [ 0.24960421  0.19478689  0.36113214  0.07177097  0.51934648 -0.39933696
  -0.50865489  0.04444429 -0.43392608  0.48579618]
 [-0.154927   -0.30256584 -0.0817208   0.44910666  0.40014046 -0.25396055
  -0.16736162 -0.29431474  0.44845396  0.22546181]
 [ 0.28018084  0.45989847  0.27194241  0.10022889 -0.23793216 -0.36586738
  -0.18113077  0.21878159 -0.45131633 -0.47945061]
 [-0.13193963  0.1500558   0.32517371 -0.24484512 -0.37483171 -0.37223485
   0.53284097 -0.25992128 -0.17748123  0.07669684]]
b
[ 0.01871259 -0.0153735   0.02028425 -0.00397226  0.00204749 -0.00398374
 -0.00206418  0.01498861  0.00904377  0.01892708]
epoch 3, minibatch 2000/2000, validation error 67.160000 %
The parameters are:
W
[[-0.46911135  0.36944559  0.61131835]
 [ 0.43632019 -0.47992963  0.51759744]
 [ 0.19281206  0.43242657 -0.45047978]
 [-0.21378306 -0.36784789 -0.43041003]
 [ 0.3821421   0.18967178  0.00538198]
 [ 0.05211295 -0.18509033  0.18513413]
 [-0.60720199 -0.42042249 -0.47732246]
 [-0.59490454 -0.2230158   0.52309793]
 [-0.12062758  0.38158605  0.39653921]
 [-0.41210514  0.62641376  0.16375899]]
b
[-0.02229641  0.01709773  0.00519866]
W
[[-0.41443315  0.2043964  -0.05689232  0.40358245  0.35968384 -0.29803935
  -0.30149177  0.33795589  0.6135897   0.45945188]
 [-0.1983386   0.03987463  0.25040084  0.29873997 -0.16984238  0.07294593
  -0.00081487 -0.666798    0.36345154  0.47475827]
 [-0.19078201  0.19324487 -0.53154671 -0.14059505  0.55843884  0.19000401
  -0.14140324  0.32793683 -0.22160602  0.06408747]
 [ 0.46160182 -0.03869356  0.40870592 -0.43164581  0.26228994  0.2588869
  -0.37229484  0.50396615 -0.0593701   0.50545627]]
b
[-0.00781882  0.00135603 -0.00872372 -0.00905769  0.00189633 -0.00712662
  0.03180962  0.01167352 -0.01427843  0.03762669]
W
[[-0.49051186 -0.35651183 -0.47376773  0.19249021  0.10716187  0.02906867
  -0.49241176  0.04399915 -0.1889659   0.00388076]
 [-0.40597689  0.12926438  0.05664501 -0.53704035  0.12265146  0.45236084
   0.31269068  0.5540452   0.5013653   0.31611484]
 [-0.23083153  0.13090813 -0.02134052 -0.3295756  -0.12732331 -0.48410234
  -0.05209576  0.52100748 -0.40566653 -0.40823725]
 [ 0.26061976  0.09633192 -0.0329022  -0.42577121 -0.29376787  0.43376738
  -0.09050836  0.04255804 -0.53353399 -0.21526168]
 [-0.01876962  0.1648214   0.40149412  0.12512016  0.20651808 -0.35770831
   0.26200363  0.43151554  0.16213991 -0.06452649]
 [-0.36180237  0.0783148   0.02133203  0.48559135 -0.02528286  0.00602471
   0.03950141  0.3619633  -0.47332117  0.18906099]
 [ 0.24755894  0.19271049  0.36181739  0.07163258  0.51756632 -0.3983607
  -0.50598478  0.04228155 -0.43273979  0.48346496]
 [-0.15247329 -0.29752985 -0.08537825  0.4469305   0.3976371  -0.25143391
  -0.16720177 -0.2891106   0.44726703  0.22356939]
 [ 0.27969611  0.45851722  0.26951441  0.09974689 -0.23716687 -0.36406183
  -0.18093045  0.21906652 -0.44903004 -0.47690046]
 [-0.1300772   0.15504146  0.31864187 -0.24410777 -0.37402087 -0.36861616
   0.52929771 -0.25418684 -0.17641971  0.0744186 ]]
b
[ 0.01658465 -0.01778373  0.02389882 -0.00334332  0.00363752 -0.0049965
 -0.00333968  0.01252858  0.00850506  0.0194817 ]
epoch 4, minibatch 2000/2000, validation error 67.200000 %
The parameters are:
W
[[-0.46458468  0.36655858  0.60759068]
 [ 0.43425319 -0.47507197  0.51285535]
 [ 0.19220684  0.42886847 -0.44702131]
 [-0.21466796 -0.36716244 -0.42612833]
 [ 0.38011131  0.18756241  0.00718221]
 [ 0.05263339 -0.1826677   0.18197986]
 [-0.60349071 -0.42230958 -0.47302976]
 [-0.59129649 -0.21793158  0.51554263]
 [-0.118693    0.37674829  0.39677224]
 [-0.40843207  0.62021935  0.16478947]]
b
[-0.02243178  0.02056707  0.0018647 ]
W
[[ -4.11614269e-01   2.04650968e-01  -5.60756363e-02   4.02486801e-01
    3.57478350e-01  -2.96427280e-01  -3.02239835e-01   3.34457457e-01
    6.13451660e-01   4.53375250e-01]
 [ -1.95919916e-01   3.81768271e-02   2.46596023e-01   2.94659823e-01
   -1.70047447e-01   7.23538399e-02  -1.33035268e-04  -6.61662042e-01
    3.60833615e-01   4.70502764e-01]
 [ -1.88995272e-01   1.92712262e-01  -5.30702770e-01  -1.41199738e-01
    5.55471122e-01   1.89043939e-01  -1.41460836e-01   3.26671600e-01
   -2.20250592e-01   6.03993647e-02]
 [  4.60808873e-01  -3.83278467e-02   4.05785024e-01  -4.31061417e-01
    2.60497808e-01   2.57678181e-01  -3.71453226e-01   5.01959324e-01
   -5.86243756e-02   4.99995500e-01]]
b
[-0.0066222   0.00086218 -0.00903694 -0.00998926  0.00096495 -0.00698863
  0.03280474  0.01175573 -0.01340806  0.03648699]
W
[[-0.48747787 -0.3555809  -0.47158346  0.19147865  0.1064254   0.02882344
  -0.49003744  0.04443603 -0.18771181  0.00447219]
 [-0.40544635  0.12867205  0.05649468 -0.53462815  0.12255277  0.45045561
   0.31101596  0.55083048  0.49890748  0.31460798]
 [-0.2300151   0.12848184 -0.01999903 -0.32821161 -0.12659441 -0.48276246
  -0.0518343   0.51780635 -0.40385723 -0.40537927]
 [ 0.25897676  0.09544095 -0.03235644 -0.42391565 -0.29235888  0.43184605
  -0.09025458  0.04164383 -0.53158021 -0.21427393]
 [-0.01820681  0.16660964  0.39703107  0.12457453  0.20540291 -0.35529292
   0.26006049  0.43187296  0.16170791 -0.06480179]
 [-0.36003727  0.07611611  0.02214655  0.48361856 -0.02506266  0.00542726
   0.03931642  0.35987765 -0.47100607  0.18982019]
 [ 0.24629897  0.19146807  0.36163935  0.0713255   0.51548427 -0.39703584
  -0.50335288  0.04132183 -0.43129188  0.48100737]
 [-0.15055557 -0.29307088 -0.08845236  0.44489104  0.39533877 -0.24915184
  -0.16700006 -0.28478283  0.44591799  0.2217948 ]
 [ 0.27855143  0.45647126  0.2677927   0.09940933 -0.23615189 -0.36253834
  -0.18070303  0.21835905 -0.44703668 -0.47429115]
 [-0.1291016   0.15885067  0.313164   -0.24316083 -0.3728838  -0.36545786
   0.52585196 -0.24997292 -0.17565054  0.07246071]]
b
[ 0.01570262 -0.01863651  0.02524888 -0.00299559  0.00452796 -0.00529417
 -0.00455796  0.01209682  0.00840195  0.01994473]
epoch 5, minibatch 2000/2000, validation error 67.160000 %
The parameters are:
W
[[-0.4601942   0.36358625  0.60404211]
 [ 0.43229511 -0.47019485  0.50805902]
 [ 0.19167615  0.42556241 -0.44389933]
 [-0.2155353  -0.36648169 -0.42185819]
 [ 0.3780022   0.18531582  0.00920138]
 [ 0.05306637 -0.18047099  0.17914265]
 [-0.5997467  -0.42377734 -0.46925092]
 [-0.58763611 -0.21292832  0.50807065]
 [-0.11675324  0.37211087  0.39683968]
 [-0.40488222  0.61402172  0.16593128]]
b
[-0.0227437   0.02360867 -0.00086501]
W
[[ -4.08760935e-01   2.04676077e-01  -5.54011092e-02   4.01244938e-01
    3.55289936e-01  -2.94821471e-01  -3.02866489e-01   3.31248343e-01
    6.13121688e-01   4.47508365e-01]
 [ -1.93479881e-01   3.63079011e-02   2.42789343e-01   2.90513247e-01
   -1.70258582e-01   7.18128458e-02   6.53420633e-04  -6.56484187e-01
    3.58136863e-01   4.66386586e-01]
 [ -1.87172025e-01   1.91970944e-01  -5.29938579e-01  -1.41922280e-01
    5.52508712e-01   1.88114226e-01  -1.41407698e-01   3.25605899e-01
   -2.19045609e-01   5.68953939e-02]
 [  4.60053474e-01  -3.81757282e-02   4.02808249e-01  -4.30595666e-01
    2.58710951e-01   2.56522417e-01  -3.70501041e-01   5.00152946e-01
   -5.80305494e-02   4.94706333e-01]]
b
[ -5.49291167e-03   6.97799493e-04  -9.16465465e-03  -1.05968630e-02
  -2.79749747e-06  -6.85244426e-03   3.34351286e-02   1.14076138e-02
  -1.23969046e-02   3.47825177e-02]
W
[[-0.48439845 -0.35457146 -0.46950603  0.19046129  0.10566577  0.028609
  -0.48768321  0.04497181 -0.18645337  0.0050457 ]
 [-0.40498498  0.12800668  0.05646158 -0.53221095  0.12248018  0.44852003
   0.30935746  0.547508    0.49641749  0.31312147]
 [-0.22920839  0.12613116 -0.01867107 -0.32685238 -0.12587203 -0.48140666
  -0.05157496  0.51463163 -0.40210554 -0.40260693]
 [ 0.25732628  0.09455797 -0.03179256 -0.42206231 -0.29094893  0.4299292
  -0.08999763  0.04072578 -0.5296402  -0.21330407]
 [-0.01784901  0.16810419  0.3928979   0.12407353  0.20438352 -0.35299292
   0.25816482  0.43183941  0.16119438 -0.06501026]
 [-0.3583647   0.07391279  0.02302043  0.48165193 -0.02482731  0.00482276
   0.03913079  0.35777745 -0.46873444  0.19054614]
 [ 0.24522668  0.19043103  0.3611894   0.07098965  0.51338208 -0.39562574
  -0.50074929  0.0406705  -0.4297621   0.47854099]
 [-0.1487851  -0.28880212 -0.09130904  0.44289014  0.39311066 -0.24694856
  -0.16676711 -0.28074053  0.44452485  0.22006591]
 [ 0.2772589   0.45429233  0.26627773  0.09909805 -0.23507589 -0.36107272
  -0.18045616  0.2174233  -0.44513115 -0.47169468]
 [-0.12835704  0.1621758   0.30813938 -0.24215913 -0.37163422 -0.36247456
   0.52247912 -0.24630249 -0.17495604  0.07068302]]
b
[ 0.01514088 -0.0190486   0.02597709 -0.00272878  0.00523745 -0.00537306
 -0.00576489  0.01215483  0.00838197  0.0203506 ]
epoch 6, minibatch 2000/2000, validation error 67.100000 %
The parameters are:
W
[[-0.45587146  0.36060128  0.60066891]
 [ 0.43036926 -0.46538237  0.50332445]
 [ 0.19115637  0.42236751 -0.44089741]
 [-0.21637069 -0.36577177 -0.41766867]
 [ 0.3758806   0.18306242  0.01124333]
 [ 0.05346468 -0.17838623  0.1764449 ]
 [-0.59603435 -0.42503729 -0.46569598]
 [-0.583974   -0.20809825  0.50079125]
 [-0.11483165  0.36756042  0.39684173]
 [-0.40142488  0.60792828  0.16701338]]
b
[-0.02308755  0.02641883 -0.00333139]
W
[[-0.40595037  0.20462443 -0.05476027  0.39999256  0.35313058 -0.29323184
  -0.30342814  0.32817411  0.61269367  0.44186229]
 [-0.19110876  0.03442068  0.23908289  0.28643805 -0.17045903  0.07131061
   0.00148853 -0.65140051  0.35545453  0.46240827]
 [-0.18540648  0.19117096 -0.52914703 -0.14262612  0.54956508  0.18721054
  -0.14129794  0.32456893 -0.21790382  0.05355623]
 [ 0.45925933 -0.03808422  0.39988211 -0.43011147  0.25696051  0.25539151
  -0.3694911   0.49837631 -0.05749638  0.48960075]]
b
[-0.00437791  0.00059995 -0.00923789 -0.0110644  -0.00101611 -0.00672612
  0.03394569  0.01093164 -0.01140482  0.03287971]
W
[[-0.48133484 -0.35355106 -0.46746954  0.18945217  0.10490658  0.02839786
  -0.48534718  0.04551162 -0.18520379  0.0056138 ]
 [-0.40451762  0.12734805  0.05646694 -0.52980584  0.12240555  0.44662997
   0.30771282  0.5441919   0.49392319  0.31163251]
 [-0.22839712  0.12384484 -0.01737404 -0.32550144 -0.12516212 -0.48002982
  -0.05131766  0.51161975 -0.40036827 -0.39990151]
 [ 0.25574386  0.09371349 -0.0312408  -0.42021734 -0.28954765  0.42802525
  -0.08974506  0.03984433 -0.52770174 -0.21235718]
 [-0.01754408  0.16947652  0.38896963  0.12358498  0.20340307 -0.35073861
   0.25634813  0.43165174  0.16065235 -0.06518722]
 [-0.35671514  0.07175106  0.02390612  0.47968173 -0.02459273  0.0042303
   0.0389442   0.35569012 -0.46648836  0.19123235]
 [ 0.24419814  0.18944249  0.36062679  0.07065308  0.51131743 -0.39419609
  -0.49817112  0.04010841 -0.42820024  0.47611129]
 [-0.14706394 -0.28467536 -0.094046    0.44090664  0.39091781 -0.24481043
  -0.16650686 -0.27682909  0.44311756  0.21836483]
 [ 0.27593881  0.45211208  0.26483902  0.09878555 -0.23398486 -0.35965899
  -0.18019353  0.21644601 -0.44325775 -0.46912697]
 [-0.12768438  0.16520245  0.30340123 -0.24114007 -0.37032393 -0.3596234
   0.51916933 -0.24292244 -0.17428432  0.06903858]]
b
[ 0.01468143 -0.01929631  0.02647963 -0.00249579  0.00588935 -0.00535466
 -0.00697159  0.01233695  0.00836341  0.02071468]
epoch 7, minibatch 2000/2000, validation error 67.120000 %
The parameters are:
W
[[-0.45159289  0.35765731  0.59734499]
 [ 0.42845005 -0.46068507  0.49867505]
 [ 0.19063248  0.41926727 -0.43795925]
 [-0.21716157 -0.36502343 -0.41359326]
 [ 0.37378213  0.18083563  0.01325642]
 [ 0.05384124 -0.17636913  0.17384228]
 [-0.59234929 -0.42615297 -0.46228963]
 [-0.58032489 -0.20345326  0.49369192]
 [-0.11294369  0.36307168  0.39680469]
 [-0.39801714  0.60198987  0.16799951]]
b
[-0.0234288   0.02906241 -0.00563374]
W
[[-0.40320897  0.2045352  -0.05412545  0.39875332  0.35100192 -0.29166088
  -0.30394408  0.32515407  0.61219257  0.43637392]
 [-0.1888033   0.03255261  0.23550317  0.2824946  -0.17064519  0.07084227
   0.00235402 -0.64640951  0.35278764  0.45858806]
 [-0.1837026   0.19035047 -0.52830184 -0.1432762   0.54664338  0.18632507
  -0.14114915  0.3235186  -0.21680431  0.05036677]
 [ 0.45841026 -0.03801446  0.39701965 -0.42957717  0.2552737   0.25427493
  -0.36844331  0.49658671 -0.05699573  0.48465869]]
b
[-0.00326791  0.0005032  -0.00929332 -0.0114459  -0.00207176 -0.00661249
  0.03440417  0.0104087  -0.01047229  0.03088207]
W
[[-0.47830105 -0.35253835 -0.4654541   0.18845397  0.10416253  0.02818354
  -0.48302844  0.04603219 -0.18395899  0.00617939]
 [-0.40402576  0.12671509  0.05648752 -0.52741361  0.12232209  0.44476449
   0.30608085  0.54098612  0.49145055  0.31013799]
 [-0.22757879  0.12163302 -0.01611099 -0.32415724 -0.12446544 -0.47863099
  -0.05106222  0.50865722 -0.39864266 -0.39724013]
 [ 0.25418937  0.09291931 -0.03070659 -0.41840246 -0.28815699  0.42613673
  -0.08948635  0.0390047  -0.52576119 -0.21143262]
 [-0.0172536   0.17077348  0.38518316  0.12310409  0.20245473 -0.34850967
   0.25459042  0.43137452  0.16009639 -0.06534444]
 [-0.35507432  0.06964274  0.02478999  0.47771806 -0.02436286  0.00365422
   0.03875656  0.3536225  -0.46426386  0.19187778]
 [ 0.2431765   0.18846115  0.36000362  0.07032136  0.50924265 -0.39276519
  -0.49561623  0.0395791  -0.42661792  0.47371486]
 [-0.14536728 -0.28062209 -0.09669184  0.4389351   0.38878691 -0.24269998
  -0.16622129 -0.27301833  0.44170615  0.21669392]
 [ 0.27462155  0.44996628  0.26343831  0.09846594 -0.23289113 -0.35824388
  -0.17992763  0.21547601 -0.4414027  -0.46659407]
 [-0.1270403   0.16799897  0.2989285  -0.24011414 -0.36897111 -0.35687259
   0.51591873 -0.23975672 -0.17362341  0.06750447]]
b
[ 0.01426914 -0.01946105  0.0268676  -0.00228382  0.00651596 -0.00527591
 -0.00817837  0.01254763  0.00832779  0.02104741]
epoch 8, minibatch 2000/2000, validation error 67.240000 %
The parameters are:
W
[[-0.44737768  0.35474566  0.59405106]
 [ 0.42653343 -0.45611054  0.49411356]
 [ 0.19010191  0.41624638 -0.43508759]
 [-0.21790135 -0.36423671 -0.40959018]
 [ 0.3717173   0.17864659  0.01522981]
 [ 0.05419933 -0.17441133  0.17132665]
 [-0.58869058 -0.42714396 -0.45899385]
 [-0.57668877 -0.19899374  0.48680776]
 [-0.11108357  0.3586649   0.39673516]
 [-0.39464307  0.5962525   0.1688884 ]]
b
[-0.02375861  0.03156393 -0.00780547]
W
[[-0.40056992  0.20441765 -0.05349189  0.39753205  0.34890261 -0.29010975
  -0.3044202   0.32217661  0.61162806  0.43105897]
 [-0.18656692  0.03071076  0.23204568  0.27867082 -0.17081669  0.07040481
   0.00324322 -0.64151496  0.3501375   0.45486975]
 [-0.1820524   0.18951717 -0.52740043 -0.14386526  0.54375458  0.18545309
  -0.14096759  0.32244802 -0.21573672  0.04731447]
 [ 0.45750615 -0.03795782  0.39421222 -0.42898658  0.25360885  0.25316629
  -0.36736089  0.49478078 -0.05652184  0.47984183]]
b
[-0.00216315  0.00039208 -0.00934116 -0.01175962 -0.00316383 -0.00651235
  0.03482869  0.00986146 -0.00960541  0.02882363]
W
[[-0.4753409  -0.35153323 -0.46346191  0.18746758  0.1034317   0.02796556
  -0.4807263   0.04653059 -0.18272078  0.00674226]
 [-0.40350571  0.12610959  0.0565167  -0.52503461  0.12222869  0.44290972
   0.30446219  0.53785336  0.48902097  0.30863762]
 [-0.226753    0.11948837 -0.01488325 -0.32282087 -0.12378141 -0.4772425
  -0.05080884  0.50574189 -0.39692885 -0.39462152]
 [ 0.25265682  0.09216963 -0.03019279 -0.4166331  -0.28677759  0.4242622
  -0.08922219  0.03820853 -0.52382219 -0.21052895]
 [-0.01696897  0.17200722  0.38149771  0.12262747  0.20153826 -0.34630373
   0.25286859  0.43102664  0.15952992 -0.06548573]
 [-0.3534404   0.06758658  0.02566814  0.47579658 -0.02414001  0.00309478
   0.03856784  0.35157612 -0.46209544  0.19248402]
 [ 0.24215469  0.18747777  0.35933536  0.06999512  0.50716293 -0.39133486
  -0.49308279  0.03906996 -0.42502031  0.47134402]
 [-0.14370076 -0.27662596 -0.09925209  0.43697375  0.38670444 -0.24061276
  -0.16591139 -0.26933807  0.44029108  0.21506205]
 [ 0.27331412  0.44787192  0.26206338  0.09813865 -0.23179817 -0.3568162
  -0.17966132  0.21452214 -0.43956387 -0.46410236]
 [-0.12641504  0.17059241  0.29466364 -0.23908561 -0.36758408 -0.35418725
   0.51280302 -0.23677383 -0.17297137  0.06607027]]
b
[ 0.01388817 -0.01956732  0.02717435 -0.00208887  0.00712633 -0.00514985
 -0.00938346  0.01276073  0.00827194  0.02135365]
epoch 9, minibatch 2000/2000, validation error 67.220000 %
The parameters are:
W
[[-0.44324061  0.3518481   0.59078443]
 [ 0.42461839 -0.45163083  0.48966733]
 [ 0.18956529  0.41327509 -0.43228143]
 [-0.21860294 -0.36341292 -0.40565827]
 [ 0.36966315  0.17649905  0.01715973]
 [ 0.05454033 -0.1725176   0.16888052]
 [-0.58506    -0.42802143 -0.45578513]
 [-0.57307142 -0.19470616  0.48011556]
 [-0.10925684  0.35434407  0.39663598]
 [-0.39130285  0.59065294  0.1696873 ]]
b
[-0.02407517  0.03393526 -0.00986023]
W
[[-0.39798823  0.20427604 -0.05285865  0.39633054  0.34683126 -0.28857774
  -0.30486128  0.3192372   0.61100471  0.42590773]
 [-0.18441318  0.02889731  0.22871095  0.27494535 -0.17097498  0.06999602
   0.00415151 -0.6367172   0.34750658  0.45124507]
 [-0.18045379  0.188674   -0.52644372 -0.14439377  0.54099303  0.18459056
  -0.14075807  0.3213543  -0.21469216  0.04438912]
 [ 0.45655051 -0.03791081  0.39145952 -0.42834109  0.25196365  0.25206646
  -0.36625034  0.49297705 -0.05607075  0.47517273]]
b
[-0.00106558  0.00026447 -0.0093843  -0.01201389 -0.00428595 -0.00642553
  0.03522517  0.00929702 -0.00880168  0.02672105]
W
[[-0.4724277  -0.35053787 -0.46153024  0.18651867  0.10270839  0.02774352
  -0.47843879  0.0470064  -0.18148944  0.007302  ]
 [-0.40295383  0.12552994  0.0565508  -0.52266759  0.12212504  0.44106591
   0.30285519  0.53475487  0.48659629  0.30713174]
 [-0.22592036  0.1174169  -0.01369025 -0.32149062 -0.12311034 -0.47586331
  -0.05055732  0.50286943 -0.39522424 -0.39204282]
 [ 0.25114518  0.0914585  -0.02970035 -0.41487163 -0.2854667   0.42240128
  -0.08895268  0.03745032 -0.52188069 -0.20964803]
 [-0.01668723  0.17318451  0.37790254  0.12215124  0.20064265 -0.34416902
   0.25118008  0.43061778  0.15895602 -0.0656131 ]
 [-0.35181287  0.06558325  0.0265386   0.47386977 -0.02392406  0.00255153
   0.03837786  0.34955123 -0.45996717  0.19305235]
 [ 0.24113297  0.18648989  0.3586323   0.06967463  0.50507808 -0.38990873
  -0.49061877  0.03857609 -0.42340812  0.46899241]
 [-0.14206314 -0.27268785 -0.10173378  0.43502197  0.38464433 -0.23855592
  -0.16557923 -0.26574183  0.43887427  0.21344991]
 [ 0.2720221   0.44583997  0.26070929  0.09780535 -0.2307225  -0.35537595
  -0.17938153  0.21358359 -0.43773818 -0.46167243]
 [-0.12580405  0.17299898  0.29057822 -0.23807418 -0.36616582 -0.35156164
   0.50977761 -0.23395309 -0.17232779  0.06472601]]
b
[ 0.01353343 -0.01962386  0.02741247 -0.00190911  0.00772341 -0.0049828
 -0.01058464  0.01296917  0.00819644  0.02163565]
epoch 10, minibatch 2000/2000, validation error 67.420000 %
The parameters are:
W
[[-0.43914196  0.34896538  0.58754194]
 [ 0.42270377 -0.44725239  0.48533595]
 [ 0.18902442  0.41034374 -0.42951849]
 [-0.21927096 -0.3625541  -0.40183291]
 [ 0.36761346  0.17438865  0.01904591]
 [ 0.05486462 -0.17067643  0.16650373]
 [-0.58145541 -0.42879409 -0.45265821]
 [-0.5695703  -0.1905861   0.47361428]
 [-0.10745692  0.35007408  0.39650789]
 [-0.38803771  0.58516979  0.17040157]]
b
[-0.02437846  0.0361862  -0.01180784]
W
[[-0.395459    0.20411125 -0.05222639  0.39514652  0.34481582 -0.28706378
  -0.30527008  0.31635645  0.61032641  0.42087999]
 [-0.18231879  0.02711139  0.22549035  0.27132213 -0.17112036  0.0696139
   0.00507552 -0.63201857  0.34490773  0.44772124]
 [-0.17891514  0.18782263 -0.52543235 -0.14486678  0.53825086  0.18373628
  -0.14052345  0.32023844 -0.21366523  0.04158115]
 [ 0.45554644 -0.03787306  0.3887789  -0.42764324  0.25033796  0.25097367
  -0.36511359  0.49117783 -0.0556398   0.47063625]]
b
[  2.26320280e-05   1.21011013e-04  -9.42414068e-03  -1.22149894e-02
  -5.43220341e-03  -6.35165768e-03   3.55968215e-02   8.71954393e-03
  -8.05725809e-03   2.45855246e-02]
W
[[-0.46954563 -0.34955058 -0.45960891  0.18558113  0.10199214  0.02751766
  -0.47621006  0.04746025 -0.18026656  0.00785805]
 [-0.40237051  0.12497296  0.05658763 -0.52031285  0.12201122  0.43923214
   0.3012659   0.53168923  0.48417687  0.30561936]
 [-0.22508179  0.11540592 -0.01253117 -0.32016653 -0.12246474 -0.47446543
  -0.05031497  0.50003928 -0.39352813 -0.38950995]
 [ 0.24965385  0.09078323 -0.02922939 -0.41311657 -0.2841655   0.42055255
  -0.08867844  0.03673219 -0.51993674 -0.20880504]
 [-0.01640833  0.17431286  0.37442598  0.12167396  0.19976032 -0.34205642
   0.24952355  0.43015248  0.15837711 -0.06572928]
 [-0.35019124  0.06362951  0.02740036  0.4719393  -0.02371375  0.00202386
   0.03818669  0.34754619 -0.45785651  0.19358382]
 [ 0.24011439  0.18549418  0.35789543  0.0693593   0.50298893 -0.3885158
  -0.48818392  0.03809671 -0.4217838   0.46666148]
 [-0.14044644 -0.2688556  -0.10414491  0.43310764  0.38260424 -0.236541
  -0.16523919 -0.26222086  0.43745536  0.21185437]
 [ 0.27075592  0.44386119  0.25937706  0.09747139 -0.22966008 -0.35392311
  -0.17908756  0.21265729 -0.43592626 -0.45929402]
 [-0.12520516  0.17523764  0.28668791 -0.23706999 -0.36472148 -0.34899005
   0.50680053 -0.23128203 -0.1716921   0.06346266]]
b
[ 0.01320249 -0.01963695  0.02758975 -0.00174322  0.00830847 -0.00477957
 -0.01177964  0.0131706   0.0081025   0.02189595]
epoch 11, minibatch 2000/2000, validation error 67.500000 %
The parameters are:
W
[[-0.4350808   0.34610125  0.58432204]
 [ 0.4207921  -0.44298723  0.4810884 ]
 [ 0.18847795  0.40745339 -0.42678642]
 [-0.21990557 -0.36166427 -0.39809531]
 [ 0.36557105  0.17231365  0.02088974]
 [ 0.05517414 -0.16887975  0.16419788]
 [-0.57787895 -0.42946374 -0.44962427]
 [-0.5660919  -0.18661851  0.46729529]
 [-0.10568999  0.34585822  0.39635137]
 [-0.38481927  0.57979614  0.17103657]]
b
[-0.02467103  0.03832696 -0.01365609]
W
[[-0.39297828  0.20392442 -0.05159764  0.39397717  0.34285721 -0.28560254
  -0.30564824  0.31354836  0.60959518  0.41600573]
 [-0.18027806  0.0253521   0.22237998  0.26782173 -0.17125334  0.06925672
   0.00601349 -0.62748122  0.342361    0.44432253]
 [-0.17743608  0.18696722 -0.52437454 -0.14528809  0.53552639  0.18288897
  -0.1402646   0.31910369 -0.21265584  0.03888304]
 [ 0.45449769 -0.03784399  0.38617182 -0.42689684  0.24873029  0.24988727
  -0.36395374  0.48936397 -0.05522843  0.466198  ]]
b
[  1.09864690e-03  -3.68456167e-05  -9.46310069e-03  -1.23682963e-02
  -6.59773592e-03  -6.29114546e-03   3.59454602e-02   8.13170150e-03
  -7.36806262e-03   2.24252027e-02]
W
[[-0.46669245 -0.34856907 -0.45769629  0.18465278  0.10128326  0.02728947
  -0.47401044  0.04789303 -0.17907321  0.00840885]
 [-0.40175596  0.12443595  0.05662611 -0.51797009  0.12188769  0.43740809
   0.29974169  0.52865422  0.48176336  0.304104  ]
 [-0.22424109  0.11345932 -0.0114058  -0.31884748 -0.1218299  -0.47304922
  -0.05007493  0.49724701 -0.39184043 -0.3870644 ]
 [ 0.24818106  0.09014264 -0.02877941 -0.41136783 -0.28287426  0.41872945
  -0.08839988  0.03604774 -0.51798916 -0.20798461]
 [-0.01613074  0.17539461  0.37104666  0.12119545  0.19889025 -0.33996078
   0.24789737  0.42963412  0.15779831 -0.06583282]
 [-0.34857652  0.06172441  0.02825284  0.47000432 -0.02350856  0.00151087
   0.0379943   0.34556067 -0.45576206  0.19408076]
 [ 0.23909843  0.18448986  0.35712704  0.06904874  0.50089902 -0.3871491
  -0.48576835  0.03763126 -0.42014703  0.46435449]
 [-0.13884594 -0.26507542 -0.10648248  0.43123418  0.38058633 -0.23454714
  -0.16489518 -0.25877371  0.43603405  0.21027818]
 [ 0.26951969  0.44192374  0.25808194  0.0971358  -0.22859947 -0.35245943
  -0.17877997  0.21174134 -0.43413773 -0.45694968]
 [-0.12461429  0.17731896  0.28297651 -0.23606616 -0.36325255 -0.34647462
   0.50387031 -0.22874767 -0.17106219  0.06227744]]
b
[ 0.01289541 -0.01961192  0.02771214 -0.00159029  0.00888202 -0.00454434
 -0.01296638  0.01336397  0.00799257  0.0221382 ]
epoch 12, minibatch 2000/2000, validation error 67.720000 %
The parameters are:
W
[[-0.43110171  0.34328461  0.5811224 ]
 [ 0.41890657 -0.43880922  0.47692502]
 [ 0.18792596  0.40462589 -0.42408168]
 [-0.2205074  -0.36074513 -0.39442086]
 [ 0.36353564  0.17027901  0.02269079]
 [ 0.05546981 -0.16712737  0.16194984]
 [-0.5743432  -0.43003467 -0.44667447]
 [-0.56262815 -0.18279815  0.46113306]
 [-0.10394835  0.34174588  0.39616883]
 [-0.38163     0.57452798  0.17159697]]
b
[-0.02495119  0.04036051 -0.0154095 ]
W
[[-0.39054418  0.20371784 -0.05097284  0.39282113  0.34092307 -0.2841852
  -0.30599806  0.31077877  0.60881263  0.41125959]
 [-0.17830653  0.02361976  0.21937257  0.26442274 -0.17137462  0.06892399
   0.00696262 -0.62306488  0.33984566  0.44099668]
 [-0.17600039  0.18611154 -0.52327073 -0.14566015  0.53281963  0.18204795
  -0.13998434  0.31795922 -0.21166363  0.03628678]
 [ 0.45340639 -0.03782226  0.38362229 -0.42610386  0.24714035  0.2488068
  -0.3627722   0.48753193 -0.05483497  0.46187136]]
b
[ 0.00216071 -0.00020781 -0.00949988 -0.01247687 -0.00777812 -0.00624345
  0.03627115  0.00753433 -0.00672787  0.0202475 ]
W
[[-0.46386725 -0.34759268 -0.45579013  0.18373282  0.10058949  0.02705979
  -0.47182435  0.04830614 -0.17789613  0.00895371]
 [-0.40111014  0.12391841  0.05666463 -0.51563841  0.1217544   0.435592
   0.29822892  0.52564734  0.47935522  0.30258572]
 [-0.22342101  0.11156779 -0.01031294 -0.31753311 -0.12120526 -0.47161612
  -0.04983686  0.49449053 -0.39016092 -0.38465241]
 [ 0.24672654  0.08954187 -0.02835039 -0.40962297 -0.28159127  0.41696322
  -0.08811707  0.03539663 -0.516038   -0.20717892]
 [-0.01585342  0.17643413  0.36773884  0.12071569  0.19803074 -0.33788168
   0.24630198  0.42906591  0.15722096 -0.06592475]
 [-0.34696591  0.05986401  0.02909546  0.46806538 -0.02330926  0.00101193
   0.03780082  0.34363386 -0.45368391  0.19453956]
 [ 0.23808277  0.18347663  0.35633302  0.06874333  0.49880627 -0.38578609
  -0.48337045  0.0371781  -0.41851094  0.46208692]
 [-0.13726489 -0.26134384 -0.10875211  0.42936924  0.37858605 -0.23257345
  -0.16453138 -0.2554411   0.43461153  0.20873308]
 [ 0.26830366  0.44001839  0.25682274  0.09679609 -0.22754055 -0.35098532
  -0.17845996  0.21083416 -0.43239653 -0.45463249]
 [-0.12402998  0.1792518   0.27941015 -0.23506297 -0.36176282 -0.34405833
   0.50098395 -0.22633891 -0.17043537  0.06116355]]
b
[ 0.0126102  -0.01954835  0.02778297 -0.00144941  0.00944501 -0.00427941
 -0.01414362  0.013549    0.00786781  0.02236096]
epoch 13, minibatch 2000/2000, validation error 67.800000 %
The parameters are:
W
[[-0.42717338  0.34051019  0.57794219]
 [ 0.41704464 -0.43470687  0.47286811]
 [ 0.18737321  0.40185663 -0.42141217]
 [-0.22107697 -0.35984197 -0.39080772]
 [ 0.36150542  0.16828121  0.02445116]
 [ 0.055749   -0.16542511  0.15975946]
 [-0.57088923 -0.43051663 -0.44379613]
 [-0.55917662 -0.17911609  0.4551512 ]
 [-0.1022382   0.33768407  0.3959583 ]
 [-0.37847123  0.56943393  0.17208689]]
b
[-0.02521387  0.04229214 -0.01707845]
W
[[-0.38817531  0.20348994 -0.05035189  0.39167744  0.33901277 -0.28278479
  -0.3063218   0.30804533  0.60798538  0.4066149 ]
 [-0.17639193  0.02191115  0.2164636   0.26110408 -0.17148581  0.06861612
   0.00792078 -0.61872703  0.3373504   0.43774042]
 [-0.1746027   0.18525288 -0.52212149 -0.14598493  0.5301286   0.18121514
  -0.13968484  0.31681406 -0.2106889   0.03378696]
 [ 0.45227638 -0.03781009  0.38111752 -0.4252674   0.2455847   0.24773213
  -0.36157048  0.48568198 -0.05445693  0.45767006]]
b
[ 0.00320895 -0.00039292 -0.00953448 -0.01254488 -0.00896996 -0.00620737
  0.03657567  0.00692994 -0.00613332  0.01805968]
W
[[-0.46110305 -0.34662068 -0.45388991  0.18282063  0.09990918  0.02682855
  -0.46964967  0.04870178 -0.17672688  0.00949326]
 [-0.40043476  0.12342038  0.05670271 -0.51338184  0.12161186  0.43378639
   0.29672679  0.52266955  0.47696561  0.3010816 ]
 [-0.22259715  0.10973418 -0.0092526  -0.31622311 -0.12059016 -0.47016707
  -0.04960075  0.49178556 -0.38853365 -0.38227266]
 [ 0.24530394  0.08897573 -0.0279415  -0.40788317 -0.28031555  0.41520795
  -0.08783042  0.03477883 -0.51413196 -0.206387  ]
 [-0.01558024  0.17743219  0.36449707  0.12023525  0.19718181 -0.33581772
   0.24476121  0.42844841  0.15664366 -0.06600871]
 [-0.34538841  0.05804787  0.02992816  0.46612403 -0.02311637  0.00052639
   0.03760979  0.34174082 -0.45162094  0.19495741]
 [ 0.23706894  0.1824563   0.35550928  0.06844169  0.49671096 -0.3844243
  -0.48098928  0.03673949 -0.416906    0.45985806]
 [-0.13571432 -0.25766578 -0.11095841  0.42751184  0.37660408 -0.23064412
  -0.16414931 -0.25218612  0.43320119  0.20721495]
 [ 0.26709718  0.43814445  0.2555837   0.09645127 -0.22648248 -0.34950152
  -0.1781283   0.20993301 -0.43067601 -0.45234495]
 [-0.1234552   0.18104775  0.2759788  -0.23406    -0.36026129 -0.34169331
   0.49813786 -0.22404973 -0.16981268  0.0601122 ]]
b
[ 0.0123405  -0.01944912  0.02780871 -0.0013193   0.00999952 -0.00398825
 -0.01531007  0.0137203   0.00772664  0.02256341]
epoch 14, minibatch 2000/2000, validation error 67.640000 %
The parameters are:
W
[[-0.42328209  0.33775333  0.57478046]
 [ 0.41519329 -0.43070638  0.46889746]
 [ 0.18682046  0.39911944 -0.41880032]
 [-0.22161593 -0.35892388 -0.38728991]
 [ 0.35949388  0.16631819  0.0261718 ]
 [ 0.0560115  -0.16376573  0.15763396]
 [-0.56750298 -0.43091461 -0.44097847]
 [-0.55573606 -0.17556787  0.44929978]
 [-0.10054944  0.33366647  0.3957212 ]
 [-0.37535512  0.56448072  0.17250954]]
b
[-0.02546307  0.04412694 -0.01866411]
W
[[-0.38588107  0.20324026 -0.04973475  0.39054692  0.33712539 -0.28139982
  -0.30662093  0.30534619  0.60711521  0.40209344]
 [-0.17451929  0.02022511  0.21365498  0.25786424 -0.17158632  0.06833357
   0.00888569 -0.61446851  0.33487573  0.43454832]
 [-0.17323977  0.18438825 -0.5209294  -0.14626572  0.52745283  0.18039747
  -0.13936841  0.31567374 -0.20973566  0.03137748]
 [ 0.45111185 -0.03780766  0.37865508 -0.42438853  0.24405684  0.24667022
  -0.36035961  0.48381618 -0.05409243  0.45354909]]
b
[ 0.00424134 -0.00058872 -0.00956728 -0.01257525 -0.01016892 -0.00618282
  0.03685888  0.00631924 -0.00558147  0.01586488]
W
[[ -4.58386987e-01  -3.45659435e-01  -4.51994479e-01   1.81915402e-01
    9.92353633e-02   2.65954584e-02  -4.67487127e-01   4.90805767e-02
   -1.75565183e-01   1.00274924e-02]
 [ -3.99733752e-01   1.22942381e-01   5.67390770e-02  -5.11188745e-01
    1.21460788e-01   4.32030737e-01   2.95234114e-01   5.19716263e-01
    4.74626333e-01   2.99614698e-01]
 [ -2.21769184e-01   1.07950635e-01  -8.22326727e-03  -3.14974517e-01
   -1.19983956e-01  -4.68703419e-01  -4.93665338e-02   4.89154547e-01
   -3.86927992e-01  -3.79923671e-01]
 [  2.43912309e-01   8.84377882e-02  -2.75531597e-02  -4.06147867e-01
   -2.79047251e-01   4.13461715e-01  -8.75402093e-02   3.41880172e-02
   -5.12293816e-01  -2.05608144e-01]
 [ -1.53121948e-02   1.78391591e-01   3.61329883e-01   1.19757965e-01
    1.96343184e-01  -3.33768547e-01   2.43246332e-01   4.27784145e-01
    1.56064302e-01  -6.60869256e-02]
 [ -3.43849182e-01   5.62744476e-02   3.07505969e-02   4.64179516e-01
   -2.29283907e-02   5.37136148e-05   3.74213681e-02   3.39860469e-01
   -4.49572682e-01   1.95335269e-01]
 [  2.36057475e-01   1.81430712e-01   3.54657680e-01   6.81434572e-02
    4.94612604e-01  -3.83063257e-01  -4.78623420e-01   3.63154709e-02
   -4.15296704e-01   4.57656384e-01]
 [ -1.34189889e-01  -2.54083961e-01  -1.13098733e-01   4.25663084e-01
    3.74660581e-01  -2.28739664e-01  -1.63750038e-01  -2.48996317e-01
    4.31830198e-01   2.05709353e-01]
 [  2.65895545e-01   4.36301887e-01   2.54356354e-01   9.61020216e-02
   -2.25424990e-01  -3.48009795e-01  -1.77784458e-01   2.09039271e-01
   -4.28966224e-01  -4.50086713e-01]
 [ -1.22891672e-01   1.82720020e-01   2.72696882e-01  -2.33057171e-01
   -3.58776718e-01  -3.39370698e-01   4.95329291e-01  -2.21871734e-01
   -1.69193700e-01   5.91168739e-02]]
b
[ 0.012089   -0.01931683  0.02779039 -0.00119945  0.01054445 -0.00367305
 -0.0164641   0.01388192  0.00757213  0.02274871]
epoch 15, minibatch 2000/2000, validation error 67.340000 %
The parameters are:
W
[[-0.4194313   0.33501479  0.57174003]
 [ 0.41334134 -0.42679805  0.46499527]
 [ 0.18626544  0.39640969 -0.41622522]
 [-0.2221245  -0.35798103 -0.38385034]
 [ 0.35752383  0.16439337  0.02785079]
 [ 0.05626062 -0.16214111  0.15556024]
 [-0.56414962 -0.43123266 -0.43821764]
 [-0.55230755 -0.17214169  0.44360945]
 [-0.09889248  0.32971209  0.39545995]
 [-0.37230447  0.55962014  0.17286567]]
b
[-0.02570424  0.04587306 -0.02016913]
W
[[-0.38362661  0.20297377 -0.04912252  0.38943484  0.33526105 -0.28003159
  -0.30689791  0.30268493  0.60620272  0.39769059]
 [-0.17268942  0.01856407  0.21093385  0.25473157 -0.17167701  0.06807435
   0.0098554  -0.61028427  0.33242121  0.43146491]
 [-0.17191969  0.18351901 -0.51969653 -0.14650503  0.52479261  0.17959906
  -0.13903692  0.31452703 -0.20880312  0.02905233]
 [ 0.44991413 -0.03781157  0.3762325  -0.42347029  0.24254508  0.24562928
  -0.35916027  0.48193359 -0.05374076  0.44950363]]
b
[ 0.00525561 -0.00079259 -0.00960014 -0.01257215 -0.01137143 -0.00617056
  0.0371227   0.00570422 -0.00507087  0.01366831]
W
[[ -4.55696017e-01  -3.44726980e-01  -4.50102508e-01   1.81017041e-01
    9.85680670e-02   2.63617449e-02  -4.65335727e-01   4.94413711e-02
   -1.74411893e-01   1.05550187e-02]
 [ -3.99003923e-01   1.22483447e-01   5.67723624e-02  -5.09002864e-01
    1.21300668e-01   4.30295855e-01   2.93751776e-01   5.16787827e-01
    4.72293556e-01   2.98146635e-01]
 [ -2.20937759e-01   1.06220521e-01  -7.22439867e-03  -3.13731641e-01
   -1.19388662e-01  -4.67225879e-01  -4.91341352e-02   4.86554503e-01
   -3.85328650e-01  -3.77603054e-01]
 [  2.42536068e-01   8.79261494e-02  -2.71842200e-02  -4.04417545e-01
   -2.77786672e-01   4.11725610e-01  -8.72465149e-02   3.36255096e-02
   -5.10450482e-01  -2.04840720e-01]
 [ -1.50450906e-02   1.79313138e-01   3.58259320e-01   1.19286612e-01
    1.95516199e-01  -3.31734627e-01   2.41755769e-01   4.27077681e-01
    1.55482888e-01  -6.61574379e-02]
 [ -3.42318594e-01   5.45422025e-02   3.15619260e-02   4.62263823e-01
   -2.27449760e-02  -4.06591804e-04   3.72319110e-02   3.37994993e-01
   -4.47573423e-01   1.95680127e-01]
 [  2.35043302e-01   1.80401221e-01   3.53781670e-01   6.78521544e-02
    4.92514789e-01  -3.81703615e-01  -4.76312637e-01   3.59020568e-02
   -4.13679630e-01   4.55470681e-01]
 [ -1.32682621e-01  -2.50547916e-01  -1.15182325e-01   4.23821330e-01
    3.72772813e-01  -2.26853848e-01  -1.63333610e-01  -2.45883152e-01
    4.30461526e-01   2.04216897e-01]
 [  2.64701158e-01   4.34491128e-01   2.53135353e-01   9.57482830e-02
   -2.24369794e-01  -3.46508324e-01  -1.77429274e-01   2.08158225e-01
   -4.27264184e-01  -4.47874159e-01]
 [ -1.22333683e-01   1.84276283e-01   2.69556195e-01  -2.32055545e-01
   -3.57293457e-01  -3.37089121e-01   4.92562532e-01  -2.19791338e-01
   -1.68576032e-01   5.81768528e-02]]
b
[ 0.01185821 -0.019156    0.02773146 -0.00108969  0.01107938 -0.00333673
 -0.01760449  0.01403628  0.00740794  0.02292146]
epoch 16, minibatch 2000/2000, validation error 67.200000 %
The parameters are:
W
[[-0.41565734  0.33229437  0.56872839]
 [ 0.41148806 -0.42295569  0.4611772 ]
 [ 0.18570668  0.39372662 -0.41367021]
 [-0.22260265 -0.35701382 -0.38046551]
 [ 0.35556874  0.16250592  0.02948886]
 [ 0.05649719 -0.16055042  0.15353252]
 [-0.56082404 -0.43147388 -0.43552366]
 [-0.54889297 -0.16883811  0.43805945]
 [-0.09725729  0.32584336  0.39517474]
 [-0.36928943  0.55484724  0.17315733]]
b
[-0.02593446  0.04753543 -0.02160138]
W
[[-0.38140908  0.20269148 -0.04851654  0.38835302  0.33341846 -0.27868074
  -0.3071537   0.30010366  0.60525006  0.39337069]
 [-0.17091922  0.01692783  0.20830135  0.25169563 -0.17175746  0.06783602
   0.01082864 -0.60617214  0.33000177  0.42844823]
 [-0.17064914  0.1826449  -0.51842517 -0.14670648  0.52214754  0.17881088
  -0.13869156  0.31336665 -0.20788522  0.02680698]
 [ 0.44870806 -0.0378212   0.37387213 -0.42251474  0.2410484   0.24459904
  -0.35796058  0.4800365  -0.05340128  0.44557714]]
b
[ 0.00625147 -0.00100614 -0.00963317 -0.01253889 -0.01257554 -0.0061699
  0.03736879  0.00508685 -0.00459772  0.01147555]
W
[[-0.45302901 -0.34381309 -0.44824162  0.18012641  0.09790732  0.02612831
  -0.46319646  0.04978503 -0.17326762  0.0110751 ]
 [-0.39824891  0.12204187  0.05680187 -0.50682753  0.12113161  0.42856726
   0.2922788   0.51389462  0.46996841  0.29667801]
 [-0.22010264  0.1045346  -0.00625538 -0.3124913  -0.11881372 -0.46573412
  -0.04890369  0.48398197 -0.38373426 -0.37530935]
 [ 0.24117497  0.087439   -0.02683486 -0.40275025 -0.27653337  0.40999746
  -0.08694984  0.03309204 -0.50860375 -0.20408382]
 [-0.01477768  0.18019693  0.35524675  0.11881816  0.19471039 -0.32976815
   0.24028894  0.42633185  0.15489937 -0.06621961]
 [-0.34079301  0.05284947  0.03236279  0.46037292 -0.022566   -0.00085506
   0.03704134  0.33614275 -0.445611    0.1959945 ]
 [ 0.23402801  0.17936991  0.35288408  0.06757069  0.49046287 -0.38034454
  -0.47403535  0.03549837 -0.41205576  0.45330012]
 [-0.13118854 -0.24705812 -0.1172052   0.42198709  0.37090176 -0.2249867
  -0.16290113 -0.24284133  0.42909178  0.20274112]
 [ 0.26351416  0.43272597  0.25191906  0.09539016 -0.2233343  -0.34504479
  -0.17706247  0.2072901  -0.42556918 -0.44571003]
 [-0.12177922  0.1857218   0.26653045 -0.23106827 -0.35579929 -0.3348462
   0.4898859  -0.21780297 -0.16795965  0.05728916]]
b
[ 0.01164434 -0.01896868  0.02763729 -0.00098902  0.01160613 -0.00298192
 -0.01873084  0.01417931  0.00723345  0.02308058]
epoch 17, minibatch 2000/2000, validation error 67.240000 %
The parameters are:
W
[[-0.41192394  0.32961386  0.56573236]
 [ 0.40963376 -0.41917965  0.45744979]
 [ 0.18514393  0.39107952 -0.41113579]
 [-0.22305182 -0.35602218 -0.37713307]
 [ 0.35361925  0.16065145  0.03108811]
 [ 0.05672084 -0.1589983   0.15155858]
 [-0.55752409 -0.43164083 -0.43289572]
 [-0.54549038 -0.16564269  0.43262854]
 [-0.0956532   0.32201681  0.39486596]
 [-0.36630049  0.55015814  0.17338832]]
b
[-0.02615272  0.04911891 -0.0229666 ]
W
[[-0.37922788  0.20239362 -0.04791736  0.38729051  0.3315973  -0.27734587
  -0.30738854  0.29756254  0.60425979  0.3891407 ]
 [-0.16919369  0.01531474  0.20575364  0.24872658 -0.17182818  0.06761765
   0.01180456 -0.60214496  0.32763389  0.42548466]
 [-0.16941181  0.18176407 -0.5171209  -0.14687289  0.51951629  0.17803
  -0.13833262  0.31219193 -0.20697728  0.02463734]
 [ 0.44749403 -0.03783726  0.37156931 -0.42152399  0.23956649  0.24357428
  -0.35675851  0.47815174 -0.05307319  0.44172853]]
b
[ 0.00722873 -0.00122892 -0.00966665 -0.0124783  -0.01377889 -0.00618
  0.03759826  0.00446857 -0.00415908  0.00928992]
W
[[-0.45038456 -0.3429119  -0.44641462  0.17927068  0.09725378  0.02589481
  -0.46112549  0.05011347 -0.17214151  0.01158757]
 [-0.39746746  0.1216155   0.05682766 -0.5046593   0.12095422  0.4268446
   0.29081592  0.51111358  0.46764857  0.29520792]
 [-0.21926469  0.10289986 -0.00531519 -0.31125373 -0.11824638 -0.4642294
  -0.04867617  0.48143679 -0.3821457  -0.37309265]
 [ 0.23982829  0.08697513 -0.02650472 -0.40108597 -0.27528504  0.40827763
  -0.08665005  0.03258142 -0.50675339 -0.20333694]
 [-0.01451119  0.18104416  0.35228461  0.11834943  0.19392188 -0.32782143
   0.23884773  0.42554685  0.15431301 -0.06627432]
 [-0.33927318  0.05119483  0.03315178  0.4584797  -0.02239202 -0.00129225
   0.03684987  0.33430213 -0.44366199  0.1962809 ]
 [ 0.23301637  0.17833444  0.35196486  0.0672965   0.48842096 -0.37898603
  -0.47177213  0.03510503 -0.41042483  0.45114377]
 [-0.12971537 -0.24363703 -0.11917275  0.42015934  0.36904654 -0.22316483
  -0.16245377 -0.23986089  0.42772096  0.20129322]
 [ 0.2623331   0.43100414  0.25070956  0.09502805 -0.22231099 -0.34358937
  -0.17668508  0.20642963 -0.42388108 -0.44357792]
 [-0.12122986  0.18706061  0.26360658 -0.23009856 -0.35429373 -0.33264053
   0.48724154 -0.2159019  -0.16734585  0.05644984]]
b
[ 0.01144531 -0.01875716  0.02751147 -0.00089665  0.01212538 -0.00261088
 -0.0198425   0.01431022  0.00704884  0.02322654]
epoch 18, minibatch 2000/2000, validation error 67.180000 %
The parameters are:
W
[[-0.40822342  0.32698289  0.56275052]
 [ 0.40777972 -0.4154942   0.45379174]
 [ 0.18457697  0.38849437 -0.40862077]
 [-0.2234727  -0.35500929 -0.37387142]
 [ 0.35167488  0.15882644  0.03264989]
 [ 0.05693173 -0.15748906  0.14963809]
 [-0.5542503  -0.43173707 -0.43032312]
 [-0.54214674 -0.16255803  0.42734578]
 [-0.09407052  0.31823286  0.39453441]
 [-0.36333811  0.54554987  0.17356279]]
b
[-0.02635953  0.05062689 -0.02426777]
W
[[-0.37708002  0.20208067 -0.04732509  0.38624796  0.32983339 -0.27602664
  -0.30760401  0.29505467  0.60324228  0.38503489]
 [-0.16750298  0.01372359  0.20328122  0.24582578 -0.17189004  0.06741856
   0.012782   -0.59825879  0.32529575  0.42257157]
 [-0.16820231  0.18087624 -0.51579571 -0.14700611  0.51690024  0.17725389
  -0.13796139  0.31100431 -0.20607802  0.02253995]
 [ 0.44626033 -0.0378598   0.36931014 -0.42051131  0.23811662  0.24255338
  -0.35554418  0.4762848  -0.05275542  0.43794373]]
b
[ 0.00818674 -0.00145968 -0.00970017 -0.01239251 -0.01497901 -0.00620042
  0.03781143  0.0038497  -0.00375225  0.00711392]
W
[[-0.44776705 -0.34201089 -0.44459131  0.17842102  0.09661811  0.02566086
  -0.4590643   0.05042744 -0.17104372  0.01209238]
 [-0.39666191  0.12120361  0.05684954 -0.50249851  0.12076857  0.4251264
   0.28936052  0.50837529  0.4653348   0.29373786]
 [-0.21842369  0.10130277 -0.0044031  -0.31001839 -0.11768599 -0.46273202
  -0.04845669  0.47891635 -0.38056195 -0.37090901]
 [ 0.23850186  0.08653355 -0.02619188 -0.39942467 -0.27404395  0.40656567
  -0.08635035  0.03209264 -0.50489968 -0.20259881]
 [-0.01424644  0.18185858  0.34937048  0.1178799   0.19314161 -0.3258889
   0.23745449  0.42472506  0.15372381 -0.06632245]
 [-0.33776003  0.04957706  0.03393001  0.45658484 -0.02222373 -0.00171861
   0.03665717  0.33247402 -0.44172469  0.19654103]
 [ 0.2320102   0.177292    0.35102507  0.06702585  0.4863773  -0.37762785
  -0.46952268  0.03472216 -0.40878677  0.44901317]
 [-0.12826933 -0.24025929 -0.12108431  0.41836631  0.36720562 -0.22136325
  -0.16199182 -0.23695707  0.42634919  0.19986925]
 [ 0.2611585   0.42931923  0.2495048   0.09466269 -0.22128952 -0.34212744
  -0.17629699  0.20557475 -0.42220011 -0.4414672 ]
 [-0.12068597  0.18830012  0.26078504 -0.22913253 -0.35277778 -0.3305012
   0.48462868 -0.21408169 -0.16673826  0.05565501]]
b
[ 0.01126085 -0.01852289  0.02735625 -0.00081204  0.01263723 -0.00222516
 -0.02093877  0.01442985  0.00685515  0.02336009]
epoch 19, minibatch 2000/2000, validation error 67.200000 %
The parameters are:
W
[[-0.40456223  0.32437474  0.55978191]
 [ 0.4059312  -0.41188422  0.45019013]
 [ 0.18400596  0.38594145 -0.40613681]
 [-0.22386566 -0.35397482 -0.37069798]
 [ 0.34973681  0.15703709  0.03417472]
 [ 0.05712963 -0.15601231  0.14776155]
 [-0.55099982 -0.4317683  -0.42779419]
 [-0.53888702 -0.15957484  0.42217523]
 [-0.09251337  0.31453037  0.39418048]
 [-0.36041653  0.54108572  0.1736836 ]]
b
[-0.02655611  0.05206262 -0.02550692]
W
[[-0.37496445  0.20175499 -0.04674004  0.38521254  0.32811162 -0.2747221
  -0.30780119  0.2925792   0.60222417  0.3810001 ]
 [-0.16584484  0.01215371  0.20088843  0.2430035  -0.17194259  0.06723779
   0.01375953 -0.59446388  0.32297516  0.41970691]
 [-0.16701944  0.17998484 -0.5144788  -0.1471075   0.51431072  0.17648275
  -0.13757914  0.30980447 -0.20518608  0.02051112]
 [ 0.44500044 -0.03788868  0.36708269 -0.41948509  0.23669247  0.24153689
  -0.3543193   0.47440952 -0.05244693  0.43421936]]
b
[ 0.00912462 -0.00169625 -0.00973438 -0.01228424 -0.01617365 -0.00623097
  0.03800897  0.00323171 -0.00337573  0.00494981]
W
[[-0.44522262 -0.34111044 -0.44276938  0.1775768   0.09598981  0.02542752
  -0.45701227  0.05072745 -0.16995446  0.01258954]
 [-0.39583305  0.12080546  0.05686698 -0.50034481  0.1205751   0.42341349
   0.28791431  0.50565922  0.46303046  0.29226628]
 [-0.2175802   0.09975488 -0.00351844 -0.30878618 -0.11713228 -0.46126193
  -0.0482389   0.47645465 -0.37898293 -0.36874872]
 [ 0.23721096  0.08612078 -0.02589768 -0.39776656 -0.27280796  0.40486053
  -0.08605992  0.03162969 -0.5030418  -0.2018861 ]
 [-0.01398382  0.18264328  0.34651864  0.11741016  0.19236764 -0.32396898
   0.2360816   0.42386729  0.15313219 -0.06636507]
 [-0.33625242  0.04799498  0.03469653  0.45468757 -0.02205977 -0.00213449
   0.03646354  0.33065894 -0.4397985   0.19677579]
 [ 0.23100814  0.17624149  0.35006768  0.06675754  0.4843334  -0.37626961
  -0.46728566  0.03434952 -0.40714279  0.44692549]
 [-0.12684552 -0.23694733 -0.12294348  0.41661134  0.36537915 -0.21957915
  -0.16151609 -0.2341091   0.42497543  0.1984566 ]
 [ 0.25998691  0.42766348  0.24830818  0.09429442 -0.22026929 -0.34065977
  -0.17589904  0.20472379 -0.42052433 -0.43937689]
 [-0.12014764  0.18944851  0.25807887 -0.22816785 -0.35125202 -0.32842246
   0.48204511 -0.21233687 -0.16613631  0.0549011 ]]
b
[ 0.01109108 -0.01826695  0.02717288 -0.00073459  0.01314158 -0.00182618
 -0.02201889  0.01453934  0.00665426  0.02348307]
epoch 20, minibatch 2000/2000, validation error 67.040000 %
The parameters are:
W
[[-0.40097526  0.32178536  0.55682528]
 [ 0.40410721 -0.40832976  0.44666111]
 [ 0.18342964  0.3834095  -0.40369868]
 [-0.2242281  -0.35292047 -0.36757204]
 [ 0.3478044   0.15528147  0.03566211]
 [ 0.05731658 -0.15456271  0.14592336]
 [-0.5477761  -0.43173638 -0.42530441]
 [-0.53564018 -0.15669054  0.41711801]
 [-0.09098212  0.31088579  0.3938055 ]
 [-0.35755458  0.53674847  0.17375277]]
b
[-0.02674407  0.05342864 -0.02668505]
W
[[-0.37292263  0.20141886 -0.0461629   0.38418221  0.32640961 -0.273433
  -0.30798143  0.29013348  0.60121822  0.37703267]
 [-0.16423093  0.01060675  0.19856998  0.24024986 -0.17198576  0.06707357
   0.01473601 -0.59072948  0.32067308  0.41693735]
 [-0.16586229  0.17909619 -0.51318723 -0.14717872  0.51183957  0.17571549
  -0.13718769  0.3085928  -0.20430131  0.01854689]
 [ 0.44371462 -0.03792172  0.36488524 -0.4184525   0.23528142  0.24052393
  -0.3530851   0.47252265 -0.05214686  0.43060747]]
b
[ 0.01004174 -0.00193734 -0.00976924 -0.01215489 -0.01736146 -0.00627154
  0.03819105  0.00261454 -0.00302662  0.00280012]
W
[[-0.44270116 -0.34021029 -0.44094846  0.17673829  0.09536733  0.02519558
  -0.45496905  0.05101276 -0.16887368  0.01307844]
 [-0.39498135  0.12041958  0.05687892 -0.4981977   0.1203737   0.42170477
   0.2864863   0.50296265  0.46078604  0.29079556]
 [-0.21673955  0.09824309 -0.00266035 -0.30755532 -0.11658479 -0.45978153
  -0.04802272  0.47404137 -0.37740824 -0.36661151]
 [ 0.23593313  0.08573385 -0.02562117 -0.39611036 -0.27159804  0.4032039
  -0.08576684  0.03118805 -0.50117773 -0.20119371]
 [-0.01372097  0.18340082  0.34374413  0.11693956  0.19159839 -0.32206181
   0.23472901  0.42297825  0.15253927 -0.06640118]
 [-0.33474991  0.04644699  0.03545187  0.45278904 -0.02189966 -0.00254024
   0.03626901  0.3288976  -0.43788359  0.19698642]
 [ 0.2300062   0.17518562  0.34909585  0.06649182  0.48228988 -0.37491766
  -0.46506137  0.03398435 -0.40549332  0.44486341]
 [-0.12543595 -0.23367614 -0.124752    0.41486266  0.36356589 -0.21781191
  -0.16102695 -0.23132609  0.42360243  0.19705546]
 [ 0.25882235  0.42603007  0.24712275  0.09392613 -0.21925086 -0.33918619
  -0.17549124  0.20387743 -0.41888326 -0.43730521]
 [-0.11961161  0.19051078  0.25548133 -0.22720543 -0.34971932 -0.32637605
   0.47949058 -0.21066119 -0.16553982  0.05418748]]
b
[ 0.01093662 -0.01798996  0.02696237 -0.00066436  0.01363844 -0.00141517
 -0.02308243  0.01464014  0.00644722  0.02359629]
epoch 21, minibatch 2000/2000, validation error 67.080000 %
The parameters are:
W
[[-0.39742494  0.31921458  0.55387884]
 [ 0.40230304 -0.40483171  0.44321266]
 [ 0.18284845  0.38089675 -0.40128869]
 [-0.22454815 -0.35184789 -0.36449185]
 [ 0.34588003  0.15355721  0.03711284]
 [ 0.05749198 -0.15313996  0.14413305]
 [-0.54458576 -0.43164515 -0.42285806]
 [-0.53240317 -0.15390122  0.41219476]
 [-0.08947171  0.30728057  0.39340982]
 [-0.35472405  0.53248292  0.17377305]]
b
[-0.02692129  0.05472985 -0.02780908]
W
[[-0.3709237   0.20107332 -0.04559284  0.38315645  0.32472759 -0.27215964
  -0.30814475  0.28772211  0.60019898  0.37315893]
 [-0.162662    0.00908151  0.19631682  0.23756409 -0.17202066  0.06692526
   0.01571054 -0.58705312  0.31839019  0.41421995]
 [-0.16473721  0.1782112  -0.5118745  -0.14722168  0.50938249  0.17495216
  -0.13678792  0.30737114 -0.2034255   0.01664467]
 [ 0.44240397 -0.03795914  0.36271688 -0.41739926  0.2338838   0.23951837
  -0.35184139  0.47062448 -0.05185407  0.427053  ]]
b
[ 0.0109388  -0.00218428 -0.0098047  -0.01200705 -0.01854142 -0.00632166
  0.03835893  0.00200019 -0.00270357  0.00066795]
W
[[-0.44019935 -0.33930883 -0.43912852  0.17590445  0.0947503   0.02496453
  -0.45293468  0.05128384 -0.16780148  0.0135592 ]
 [-0.39410675  0.12004563  0.05688515 -0.49605677  0.12016468  0.42000011
   0.28511572  0.50028729  0.45855221  0.28932437]
 [-0.2159211   0.09677122 -0.00182807 -0.30632627 -0.11604334 -0.45828941
  -0.04780814  0.47164926 -0.37583774 -0.3644948 ]
 [ 0.23466733  0.08536573 -0.02536044 -0.39445698 -0.27043167  0.4015719
  -0.08547137  0.030765   -0.49930859 -0.20050876]
 [-0.01345857  0.1841315   0.34101439  0.11646825  0.19083402 -0.3201665
   0.233395    0.42205909  0.15194519 -0.066432  ]
 [-0.33325285  0.04493208  0.03619581  0.45088866 -0.02174303 -0.00293623
   0.03607363  0.3271614  -0.4359794   0.19717385]
 [ 0.22900279  0.17412668  0.3481091   0.06622848  0.48024586 -0.37359688
  -0.46285543  0.03362717 -0.4038476   0.44281933]
 [-0.12404291 -0.23046298 -0.12651768  0.41311908  0.36176622 -0.21608439
  -0.16052565 -0.22860491  0.42222789  0.19566624]
 [ 0.25766605  0.42441776  0.24594899  0.0935627  -0.21823406 -0.33770782
  -0.17507407  0.20303439 -0.41727284 -0.43525583]
 [-0.11907896  0.19149235  0.25297195 -0.22624552 -0.34817961 -0.32435977
   0.47699428 -0.20905146 -0.16494977  0.0535102 ]]
b
[ 0.01079415 -0.01769507  0.02672914 -0.00060067  0.01412888 -0.00099443
 -0.02412905  0.01472921  0.00623348  0.02369933]
