Label 0.0 : 40789
Label 1.0 : 4606
Label 2.0 : 4606
... building the model
add hidden layer  1  with unit 10
initial logistic W: [[ 0.41807362 -0.06167186 -0.32792446]
 [-0.62215734  0.0187727  -0.07952178]
 [ 0.29008338 -0.01314608  0.22343588]
 [-0.41030502  0.46928123  0.47829741]
 [-0.40473524  0.13615812  0.64167506]
 [ 0.56580716  0.63724124 -0.4430536 ]
 [-0.07777765 -0.04286739 -0.47292879]
 [-0.65201831  0.20674264 -0.5952726 ]
 [-0.29116294  0.02664728  0.21716039]
 [ 0.13173841 -0.48860392  0.42239669]]
initial logistic b: [ 0.  0.  0.]
The parameters are:
W
[[ 0.41807362 -0.06167186 -0.32792446]
 [-0.62215734  0.0187727  -0.07952178]
 [ 0.29008338 -0.01314608  0.22343588]
 [-0.41030502  0.46928123  0.47829741]
 [-0.40473524  0.13615812  0.64167506]
 [ 0.56580716  0.63724124 -0.4430536 ]
 [-0.07777765 -0.04286739 -0.47292879]
 [-0.65201831  0.20674264 -0.5952726 ]
 [-0.29116294  0.02664728  0.21716039]
 [ 0.13173841 -0.48860392  0.42239669]]
b
[ 0.  0.  0.]
W
[[-0.40389585  0.15987791 -0.08153353  0.37362209  0.36657438 -0.29774618
  -0.29267699  0.39524347  0.59984523  0.49221137]
 [-0.18616089  0.00130293  0.24020937  0.27849233 -0.16988164  0.08012462
   0.00403681 -0.63662654  0.35721388  0.50099492]
 [-0.17690577  0.15108906 -0.55595648 -0.1717497   0.56711352  0.19820051
  -0.13459341  0.3780365  -0.23981781  0.08916207]
 [ 0.48330119 -0.0835686   0.39560413 -0.46641871  0.26744038  0.26785982
  -0.36818755  0.55628228 -0.07575554  0.53592038]]
b
[ 0.  0.  0.  0.  0.  0.  0.  0.  0.  0.]
W
[[-0.48220482 -0.34584618 -0.49584743  0.19157247  0.10365625  0.03648946
  -0.50026345  0.06729656 -0.18658887  0.00325   ]
 [-0.42514849  0.11742482  0.07223874 -0.54031289  0.12865095  0.45145801
   0.31825325  0.53904825  0.50259215  0.31983069]
 [-0.23524579  0.13683939 -0.02399704 -0.33337113 -0.12891477 -0.48870689
  -0.05296652  0.52800971 -0.41195014 -0.41694734]
 [ 0.26128891  0.09563634 -0.031075   -0.43037102 -0.29662621  0.43813992
  -0.09119193  0.03927353 -0.54092145 -0.21838607]
 [-0.06913006  0.12285307  0.45811304  0.13773762  0.22565903 -0.38358796
   0.26954895  0.3626      0.14648925 -0.06757814]
 [-0.38058746  0.07493898  0.03091815  0.49451545 -0.02151544  0.00280386
   0.04039804  0.34966835 -0.48515552  0.18559222]
 [ 0.2926116   0.22797896  0.32520172  0.06327382  0.51029837 -0.38652024
  -0.51524591  0.10285517 -0.42276984  0.49383745]
 [-0.19092797 -0.33562392 -0.04621502  0.46052796  0.41524947 -0.27099586
  -0.16649802 -0.34770662  0.44014552  0.22624026]
 [ 0.24829191  0.43827426  0.30580863  0.10861862 -0.22881083 -0.38187736
  -0.18055712  0.17258933 -0.46737984 -0.48746607]
 [-0.19368038  0.09911785  0.38767645 -0.23326142 -0.35813692 -0.40090969
   0.54186612 -0.35109249 -0.19986744  0.07480948]]
b
[ 0.  0.  0.  0.  0.  0.  0.  0.  0.  0.]
... training
epoch 1, minibatch 2000/2000, validation error 66.380000 %
The parameters are:
W
[[ 0.37261364 -0.04838632 -0.29631239]
 [-0.60140008  0.00653086 -0.07450258]
 [ 0.28221247 -0.0045492   0.21279189]
 [-0.34004673  0.44595885  0.42071092]
 [-0.34060183  0.13236599  0.57393789]
 [ 0.5120064   0.60413265 -0.37121916]
 [-0.09737542 -0.05307393 -0.43135574]
 [-0.61414444  0.16293362 -0.56869674]
 [-0.2597366   0.01272871  0.20059155]
 [ 0.14141993 -0.44627038  0.36908409]]
b
[ 0.00618683 -0.01357866  0.00739162]
W
[[-0.39310569  0.14926066 -0.08558314  0.35030854  0.36282042 -0.29418164
  -0.26883757  0.40705726  0.58277422  0.48986015]
 [-0.18489051  0.00876895  0.24126622  0.28799939 -0.16946808  0.08134275
  -0.01371383 -0.64297289  0.3554098   0.48324469]
 [-0.17368177  0.14804707 -0.54506278 -0.16766587  0.55542469  0.19389366
  -0.13219407  0.37002286 -0.2351563   0.08773113]
 [ 0.47364286 -0.08191022  0.38773578 -0.45697144  0.26202124  0.26245639
  -0.36098537  0.54509312 -0.07426833  0.5253669 ]]
b
[-0.00120039 -0.00354674 -0.00408976 -0.00092104 -0.0028316  -0.00546641
  0.00672414  0.00520254 -0.00383831  0.00757772]
W
[[ -4.63676840e-01  -3.45633894e-01  -4.85280782e-01   1.77522391e-01
    8.91517997e-02   4.80791368e-02  -4.85584676e-01   6.57123551e-02
   -1.89038366e-01  -4.85776574e-04]
 [ -4.18850869e-01   1.13238879e-01   7.36706629e-02  -5.30837476e-01
    1.30494788e-01   4.31336254e-01   3.07533801e-01   5.18981516e-01
    4.94263172e-01   3.23628545e-01]
 [ -2.28126004e-01   1.31226793e-01  -2.23654024e-02  -3.30706775e-01
   -1.29311591e-01  -4.78223145e-01  -5.16400971e-02   5.14513552e-01
   -4.05414760e-01  -4.06782180e-01]
 [  2.33416855e-01   1.09615847e-01  -3.15141343e-02  -3.96861047e-01
   -2.58865803e-01   3.96125704e-01  -1.02287970e-01   3.66444699e-02
   -5.14583290e-01  -2.02323660e-01]
 [ -5.78480847e-02   1.08604528e-01   4.53801394e-01   1.18862577e-01
    2.09283710e-01  -3.73135656e-01   2.65188396e-01   3.42794091e-01
    1.36997238e-01  -5.81940599e-02]
 [ -3.62825096e-01   6.43979162e-02   3.24644558e-02   4.71438169e-01
   -3.46495248e-02   1.32003529e-02   4.35956903e-02   3.38348895e-01
   -4.82469946e-01   1.81755185e-01]
 [  3.00823450e-01   2.18455300e-01   3.15159529e-01   5.17308004e-02
    4.78496999e-01  -3.46761942e-01  -4.92485285e-01   1.15150459e-01
   -4.24272478e-01   4.63852614e-01]
 [ -1.72023013e-01  -3.42377573e-01  -4.20848355e-02   4.31683779e-01
    3.86945009e-01  -2.50250936e-01  -1.57309115e-01  -3.47410411e-01
    4.21147615e-01   2.21618086e-01]
 [  2.42487937e-01   4.26872998e-01   3.02646548e-01   1.03874162e-01
   -2.21654236e-01  -3.83566767e-01  -1.80658907e-01   1.59950837e-01
   -4.57347393e-01  -4.68374550e-01]
 [ -1.95648953e-01   1.06145598e-01   3.75359386e-01  -2.16972262e-01
   -3.44928145e-01  -3.89671445e-01   5.32506526e-01  -3.31060737e-01
   -1.92143694e-01   6.30380660e-02]]
b
[ 0.00105573 -0.00425177  0.00325024 -0.00719772 -0.00145726 -0.00684848
 -0.00327619 -0.01102705 -0.00036565  0.01000229]
     epoch 1, minibatch 2000/2000, test error of best model 66.822107 %
epoch 2, minibatch 2000/2000, validation error 65.380000 %
The parameters are:
W
[[  3.35333586e-01  -3.71327959e-02  -2.70840436e-01]
 [ -5.80676138e-01  -4.03642561e-03  -7.13800266e-02]
 [  2.74651110e-01   2.34035309e-03   2.03735217e-01]
 [ -2.84599453e-01   4.22648579e-01   3.78133267e-01]
 [ -2.89779007e-01   1.26799539e-01   5.21433175e-01]
 [  4.68483210e-01   5.76201856e-01  -3.14528376e-01]
 [ -1.11287922e-01  -6.08590394e-02  -3.98121357e-01]
 [ -5.81419706e-01   1.26691177e-01  -5.44953942e-01]
 [ -2.33911380e-01   7.07412546e-05   1.88343450e-01]
 [  1.46600842e-01  -4.10030901e-01   3.26388180e-01]]
b
[ 0.00902042 -0.01599242  0.00697149]
W
[[-0.38342962  0.14050834 -0.08881406  0.3302623   0.35887635 -0.29101157
  -0.24895345  0.41597384  0.56694406  0.48673305]
 [-0.18282956  0.01444047  0.2415586   0.29470763 -0.16890033  0.08276631
  -0.02773589 -0.64669883  0.35274646  0.46674228]
 [-0.17045617  0.14506161 -0.53437716 -0.16381319  0.54405147  0.18974668
  -0.1297617   0.36229506 -0.23058608  0.08626792]
 [ 0.4641932  -0.08028851  0.38002557 -0.4477573   0.25673002  0.25717747
  -0.35390082  0.53416371 -0.07281248  0.51500279]]
b
[-0.00180618 -0.00271672 -0.00405652  0.0017141  -0.00397849 -0.00646859
  0.00514766  0.0034285  -0.00397663  0.00810118]
W
[[-0.448199   -0.34373191 -0.47508994  0.16717543  0.0788545   0.05564865
  -0.47277033  0.06438094 -0.18966144 -0.00285116]
 [-0.41198179  0.10944773  0.0744186  -0.52172649  0.13078161  0.41471139
   0.29832512  0.50161296  0.48567632  0.32467169]
 [-0.22155529  0.12629439 -0.02111615 -0.32715634 -0.12927245 -0.46758416
  -0.05020855  0.50242984 -0.3987408  -0.39765826]
 [ 0.21260391  0.11968761 -0.03188721 -0.37198669 -0.23157951  0.36512244
  -0.10893411  0.03460912 -0.49309883 -0.19084138]
 [-0.04991752  0.09718126  0.44883692  0.10476132  0.19727221 -0.36549684
   0.25988775  0.3255952   0.12988076 -0.04948076]
 [-0.34836531  0.05623566  0.03347928  0.45292333 -0.0434261   0.02017109
   0.0453952   0.32857212 -0.47785285  0.17836925]
 [ 0.3048206   0.2104274   0.30617365  0.04451117  0.45405084 -0.31687251
  -0.47396979  0.12382046 -0.42311734  0.44014421]
 [-0.15858197 -0.34595779 -0.03819621  0.4094488   0.36649412 -0.23733294
  -0.1512982  -0.34710312  0.40602288  0.21981627]
 [ 0.23702744  0.41608226  0.29906496  0.0993588  -0.21539368 -0.38332999
  -0.17993854  0.14926714 -0.44759721 -0.45150372]
 [-0.19566692  0.11092042  0.36424121 -0.20420486 -0.33412024 -0.37852836
   0.52336717 -0.31441265 -0.18593721  0.05342776]]
b
[ 0.00203117 -0.00546784  0.00362605 -0.00997055 -0.00377076 -0.00572932
 -0.00325592 -0.01221348 -0.00089092  0.010716  ]
     epoch 2, minibatch 2000/2000, test error of best model 64.493379 %
epoch 3, minibatch 2000/2000, validation error 65.380000 %
The parameters are:
W
[[ 0.30376828 -0.02775029 -0.24919835]
 [-0.56009007 -0.01326824 -0.06972829]
 [ 0.26730219  0.00794313  0.19595072]
 [-0.23946695  0.40018237  0.34522778]
 [-0.24813516  0.12055886  0.47892445]
 [ 0.43205839  0.55174834 -0.26812875]
 [-0.12139148 -0.06706663 -0.37050286]
 [-0.55261338  0.09639227 -0.52364832]
 [-0.21198052 -0.01129233  0.17867777]
 [ 0.14888331 -0.37834352  0.29116568]]
b
[ 0.01323256 -0.01824144  0.00500829]
W
[[-0.37454712  0.13313322 -0.09143186  0.31255868  0.35487992 -0.28804505
  -0.23200165  0.4227998   0.5520944   0.48295265]
 [-0.18026571  0.01879823  0.24128334  0.29947692 -0.16830413  0.08423441
  -0.03901149 -0.64852792  0.34946847  0.45134026]
 [-0.16724946  0.14213519 -0.52388972 -0.16014197  0.5329681   0.18573743
  -0.12732422  0.35480824 -0.22610354  0.08478902]
 [ 0.45494309 -0.07870122  0.3724716  -0.43875659  0.25155887  0.25202173
  -0.34693539  0.52347457 -0.07138575  0.50484717]]
b
[-0.00236238 -0.00210633 -0.00400423  0.0042707  -0.00507436 -0.0071483
  0.00351774  0.00147442 -0.00405063  0.00834023]
W
[[-0.43472034 -0.34070423 -0.46525338  0.15912719  0.0711614   0.06078259
  -0.46113107  0.06326938 -0.18915117 -0.00448867]
 [-0.40482122  0.10596728  0.07469682 -0.51276702  0.13014865  0.40046313
   0.29013464  0.48619911  0.47700322  0.32388896]
 [-0.21541412  0.12188572 -0.02014157 -0.32298315 -0.12889694 -0.45693597
  -0.04873197  0.49137184 -0.39201465 -0.38928208]
 [ 0.19639157  0.1269477  -0.03212374 -0.35252663 -0.21090214  0.34104231
  -0.11290012  0.03284915 -0.47481924 -0.18200892]
 [-0.04415926  0.08784803  0.4433654   0.09382585  0.18800749 -0.35935712
   0.25419125  0.31046501  0.12433779 -0.04165428]
 [-0.33606049  0.04977766  0.03407458  0.43737552 -0.04950365  0.02515358
   0.04641407  0.31998664 -0.47208279  0.17504683]
 [ 0.3061122   0.20348461  0.29793879  0.03976512  0.43428221 -0.29345232
  -0.45821697  0.12997554 -0.42029792  0.42058584]
 [-0.14864917 -0.34726238 -0.03459803  0.39138573  0.35091108 -0.22905509
  -0.14710332 -0.34655395  0.39347237  0.21935411]
 [ 0.23179573  0.40582669  0.29519755  0.0951729  -0.2096993  -0.38177699
  -0.17866498  0.14007522 -0.43806481 -0.43631071]
 [-0.19450784  0.11409925  0.35407272 -0.19380809 -0.32478121 -0.36787945
   0.5142467  -0.30031019 -0.18069109  0.04562041]]
b
[ 0.00346151 -0.0072138   0.00405134 -0.01248036 -0.00629989 -0.0039812
 -0.00291866 -0.01283688 -0.00179947  0.01099889]
epoch 4, minibatch 2000/2000, validation error 65.380000 %
The parameters are:
W
[[ 0.27646506 -0.01995265 -0.23022638]
 [-0.53973854 -0.02139814 -0.0691954 ]
 [ 0.26009488  0.01255197  0.18920155]
 [-0.20191348  0.37882414  0.31900209]
 [-0.21322864  0.11411376  0.44349575]
 [ 0.40089133  0.5298605  -0.22926195]
 [-0.12879096 -0.07214782 -0.34694323]
 [-0.52687722  0.07082395 -0.5043785 ]
 [-0.19294687 -0.02146382  0.17069799]
 [ 0.14918056 -0.35024226  0.26154476]]
b
[ 0.01810265 -0.02034529  0.00224191]
W
[[-0.36626765  0.12680788 -0.09358055  0.29663998  0.35087422 -0.28518614
  -0.21731851  0.42803299  0.53804523  0.47862408]
 [-0.17736831  0.0221668   0.24057473  0.30281299 -0.16768172  0.08567166
  -0.04817924 -0.64896649  0.34574404  0.43690783]
 [-0.16407366  0.13926892 -0.51359642 -0.15662362  0.52215916  0.18184744
  -0.124902    0.34753335 -0.22170597  0.0833049 ]
 [ 0.44588596 -0.0771466   0.3650668  -0.42995596  0.24650857  0.24697845
  -0.3400988   0.51301348 -0.06998676  0.49487868]]
b
[-0.00271371 -0.00171008 -0.00391767  0.00623522 -0.00586788 -0.0074463
  0.00222339 -0.00012784 -0.00408213  0.00831867]
W
[[-0.42263994 -0.33689103 -0.45573434  0.15259326  0.06519045  0.06432733
  -0.45030683  0.06232499 -0.18789463 -0.00569739]
 [-0.39751309  0.10274228  0.07463884 -0.50385398  0.12896167  0.3879067
   0.28267723  0.47224811  0.46832964  0.32185417]
 [-0.20962688  0.11789507 -0.01936894 -0.31838131 -0.12827216 -0.44638827
  -0.04725114  0.48106548 -0.38528809 -0.38145816]
 [ 0.18336557  0.132117   -0.03221779 -0.33668044 -0.19467346  0.32163462
  -0.11513739  0.03125451 -0.45881104 -0.17484811]
 [-0.03988642  0.08010799  0.43752009  0.08511286  0.18059079 -0.35408434
   0.24836425  0.29697722  0.11989579 -0.03470166]
 [-0.32525474  0.04457824  0.03434796  0.42387268 -0.05380045  0.02888281
   0.04695917  0.31230366 -0.46560067  0.17167836]
 [ 0.30558982  0.19735925  0.2902669   0.03651511  0.41768205 -0.27452907
  -0.44438368  0.13430552 -0.41637433  0.40394351]
 [-0.1410967  -0.34689036 -0.03128285  0.37613797  0.33854035 -0.22368357
  -0.14400317 -0.34571457  0.3827424   0.21951056]
 [ 0.22673529  0.39604861  0.29111788  0.09133198 -0.20439045 -0.37928393
  -0.17700948  0.13205136 -0.42871919 -0.42244059]
 [-0.1926204   0.1161177   0.344657   -0.18509039 -0.31640631 -0.35783932
   0.50513983 -0.28814659 -0.17608741  0.03926263]]
b
[ 0.00489413 -0.00906569  0.0044733  -0.01441441 -0.00852705 -0.0022427
 -0.00251509 -0.01303073 -0.00275974  0.01108958]
epoch 5, minibatch 2000/2000, validation error 65.380000 %
The parameters are:
W
[[ 0.25249448 -0.0134707  -0.21325754]
 [-0.51974195 -0.02858673 -0.06950665]
 [ 0.25302273  0.01636948  0.18330497]
 [-0.17015177  0.35862237  0.2976099 ]
 [-0.1834752   0.10768139  0.41334459]
 [ 0.37379697  0.50996816 -0.19618741]
 [-0.13419245 -0.07636724 -0.32646012]
 [-0.50364143  0.04909873 -0.48685357]
 [-0.17616767 -0.03057377  0.16389516]
 [ 0.1480774  -0.32508627  0.236294  ]]
b
[ 0.02317085 -0.02231133 -0.0008605 ]
W
[[-0.35846901  0.12129869 -0.09536206  0.28213957  0.34687415 -0.28238288
  -0.20444368  0.43200022  0.52467889  0.47384483]
 [-0.17424212  0.02477529  0.23954932  0.30506921 -0.16705556  0.08704098
  -0.0556833  -0.64829576  0.34168607  0.42332864]
 [-0.16093574  0.13646129 -0.50349861 -0.15323527  0.51159972  0.17806523
  -0.12249949  0.34045082 -0.2173904   0.08182324]
 [ 0.43701518 -0.07562347  0.35781163 -0.42134684  0.24156472  0.2420411
  -0.33338803  0.50276828 -0.06861487  0.48510104]]
b
[-0.00286072 -0.00147085 -0.00378734  0.00754895 -0.00632324 -0.00742636
  0.00131195 -0.00127209 -0.00406995  0.00810004]
W
[[-0.41158837 -0.33251473 -0.44649935  0.14710432  0.06041222  0.06678343
  -0.44008976  0.06149291 -0.18614426 -0.00663303]
 [-0.3901661   0.09973271  0.07432885 -0.49497876  0.12741925  0.37659818
   0.2757602   0.45942888  0.45970803  0.31894135]
 [-0.20413937  0.11424758 -0.01874834 -0.31347126 -0.12742181 -0.43599954
  -0.04579069  0.47134817 -0.37860104 -0.37404963]
 [ 0.17264162  0.13570225 -0.03218466 -0.32335383 -0.1815787   0.3055363
  -0.11620577  0.02978421 -0.44448459 -0.16880752]
 [-0.03666694  0.07361042  0.43140286  0.07802261  0.17447221 -0.3493242
   0.24253666  0.28480771  0.11625418 -0.02854533]
 [-0.3155438   0.04033263  0.03437482  0.41184676 -0.05686841  0.0317747
   0.04720033  0.30531526 -0.45867887  0.16823959]
 [ 0.30381402  0.1918627   0.28305253  0.03420085  0.40333167 -0.25886384
  -0.43195254  0.13726744 -0.41168568  0.38944173]
 [-0.13521814 -0.34528238 -0.02822602  0.36289287  0.32838696 -0.22020051
  -0.14158754 -0.34457517  0.37336189  0.21990895]
 [ 0.22181696  0.38669512  0.28688785  0.08782014 -0.19936411 -0.37610719
  -0.17507772  0.1249633  -0.41955021 -0.40964052]
 [-0.19026712  0.11727139  0.33586216 -0.17761292 -0.30871519 -0.34839469
   0.49602938 -0.27748668 -0.17192842  0.03406522]]
b
[ 0.00611952 -0.01077583  0.00485319 -0.0157227  -0.0102675  -0.00077553
 -0.0021468  -0.01290396 -0.00361189  0.0110806 ]
epoch 6, minibatch 2000/2000, validation error 65.380000 %
The parameters are:
W
[[ 0.23121838 -0.0080778  -0.19788575]
 [-0.50019163 -0.03495279 -0.07044505]
 [ 0.24606101  0.01954257  0.17811418]
 [-0.1429446   0.33956     0.27982804]
 [-0.15779263  0.10137259  0.38727272]
 [ 0.34996435  0.49170998 -0.16772594]
 [-0.13807882 -0.07990149 -0.3083913 ]
 [-0.48247874  0.03054629 -0.47080192]
 [-0.16120827 -0.03874487  0.15795669]
 [ 0.1459721  -0.30241784  0.21455595]]
b
[ 0.02815675 -0.02413996 -0.00401791]
W
[[-0.35107237  0.11643629 -0.09685242  0.26879838  0.34290022 -0.27960733
  -0.1930424   0.43493325  0.51189095  0.46869388]
 [-0.17095818  0.02679127  0.23827702  0.30644548 -0.16641963  0.0883235
  -0.06184679 -0.64671093  0.33738554  0.41050828]
 [-0.15784068  0.13371259 -0.49360195 -0.14996009  0.50127733  0.17438379
  -0.12012523  0.3335506  -0.21315554  0.08034913]
 [ 0.42832577 -0.07413082  0.35070163 -0.41292271  0.23672743  0.23720759
  -0.32680261  0.49275011 -0.06726925  0.47551295]]
b
[-0.00284912 -0.00133183 -0.00361405  0.00830739 -0.00648532 -0.00717666
  0.00072057 -0.00200721 -0.00401263  0.00774711]
W
[[-0.40132883 -0.32775056 -0.43752104  0.1423578   0.05648993  0.06846329
  -0.43034813  0.06073769 -0.18405274 -0.00738353]
 [-0.38282919  0.09691101  0.07383049 -0.48612693  0.12565847  0.36624685
   0.26926535  0.44751042  0.45117271  0.31540614]
 [-0.19891703  0.11088821 -0.01824544 -0.3083533  -0.12640578 -0.42581555
  -0.04436539  0.46209744 -0.37197083 -0.36696845]
 [ 0.16363303  0.13806416 -0.0320455  -0.31185272 -0.17076901  0.2918725
  -0.11646378  0.02842007 -0.43145519 -0.16355586]
 [-0.03421232  0.06809919  0.42509055  0.07215482  0.16929977 -0.34488326
   0.23678079  0.27371681  0.11321133 -0.02309509]
 [-0.30665964  0.03682421  0.03420737  0.40092766 -0.05905977  0.034081
   0.04723697  0.29887033 -0.45148873  0.16473174]
 [ 0.30113471  0.1868578   0.27620512  0.03248618  0.39063883 -0.24563192
  -0.42058048  0.13918127 -0.40646425  0.3765617 ]
 [-0.13054268 -0.34272736 -0.02539947  0.35112572  0.31981564 -0.21795735
  -0.13960701 -0.34315357  0.36501759  0.22034855]
 [ 0.21702188  0.37772617  0.28255957  0.08461093 -0.19455357 -0.37241548
  -0.1729476   0.11863921 -0.41055182 -0.39773235]
 [-0.18761672  0.11776874  0.32758501 -0.17108136 -0.30152339 -0.33950537
   0.48694152 -0.26801684 -0.16808999  0.02979894]]
b
[ 0.00706257 -0.01221796  0.0051673  -0.01646518 -0.01149898  0.00034879
 -0.0018451  -0.01254321 -0.00429176  0.01100204]
