Label 0.0 : 40767
Label 1.0 : 4617
Label 2.0 : 4617
... building the model
add hidden layer  1  with unit 10
initial logistic W: [[-0.57724583 -0.24979311  0.58156919]
 [-0.31617972 -0.21169069  0.47151709]
 [-0.54006809  0.43590072 -0.44126156]
 [ 0.56907433  0.25700912 -0.56041586]
 [ 0.37666574 -0.16601452 -0.42266715]
 [ 0.6534372  -0.32281816  0.20225485]
 [ 0.63041067 -0.34368882  0.3649053 ]
 [ 0.0835419   0.49517754 -0.51751292]
 [ 0.22197571 -0.33634445 -0.37685132]
 [-0.25029373 -0.49337912  0.16381481]]
initial logistic b: [ 0.  0.  0.]
The parameters are:
W
[[-0.57724583 -0.24979311  0.58156919]
 [-0.31617972 -0.21169069  0.47151709]
 [-0.54006809  0.43590072 -0.44126156]
 [ 0.56907433  0.25700912 -0.56041586]
 [ 0.37666574 -0.16601452 -0.42266715]
 [ 0.6534372  -0.32281816  0.20225485]
 [ 0.63041067 -0.34368882  0.3649053 ]
 [ 0.0835419   0.49517754 -0.51751292]
 [ 0.22197571 -0.33634445 -0.37685132]
 [-0.25029373 -0.49337912  0.16381481]]
b
[ 0.  0.  0.]
W
[[-0.40389585  0.15987791 -0.08153353  0.37362209  0.36657438 -0.29774618
  -0.29267699  0.39524347  0.59984523  0.49221137]
 [-0.18616089  0.00130293  0.24020937  0.27849233 -0.16988164  0.08012462
   0.00403681 -0.63662654  0.35721388  0.50099492]
 [-0.17690577  0.15108906 -0.55595648 -0.1717497   0.56711352  0.19820051
  -0.13459341  0.3780365  -0.23981781  0.08916207]
 [ 0.48330119 -0.0835686   0.39560413 -0.46641871  0.26744038  0.26785982
  -0.36818755  0.55628228 -0.07575554  0.53592038]]
b
[ 0.  0.  0.  0.  0.  0.  0.  0.  0.  0.]
W
[[-0.48220482 -0.34584618 -0.49584743  0.19157247  0.10365625  0.03648946
  -0.50026345  0.06729656 -0.18658887  0.00325   ]
 [-0.42514849  0.11742482  0.07223874 -0.54031289  0.12865095  0.45145801
   0.31825325  0.53904825  0.50259215  0.31983069]
 [-0.23524579  0.13683939 -0.02399704 -0.33337113 -0.12891477 -0.48870689
  -0.05296652  0.52800971 -0.41195014 -0.41694734]
 [ 0.26128891  0.09563634 -0.031075   -0.43037102 -0.29662621  0.43813992
  -0.09119193  0.03927353 -0.54092145 -0.21838607]
 [-0.06913006  0.12285307  0.45811304  0.13773762  0.22565903 -0.38358796
   0.26954895  0.3626      0.14648925 -0.06757814]
 [-0.38058746  0.07493898  0.03091815  0.49451545 -0.02151544  0.00280386
   0.04039804  0.34966835 -0.48515552  0.18559222]
 [ 0.2926116   0.22797896  0.32520172  0.06327382  0.51029837 -0.38652024
  -0.51524591  0.10285517 -0.42276984  0.49383745]
 [-0.19092797 -0.33562392 -0.04621502  0.46052796  0.41524947 -0.27099586
  -0.16649802 -0.34770662  0.44014552  0.22624026]
 [ 0.24829191  0.43827426  0.30580863  0.10861862 -0.22881083 -0.38187736
  -0.18055712  0.17258933 -0.46737984 -0.48746607]
 [-0.19368038  0.09911785  0.38767645 -0.23326142 -0.35813692 -0.40090969
   0.54186612 -0.35109249 -0.19986744  0.07480948]]
b
[ 0.  0.  0.  0.  0.  0.  0.  0.  0.  0.]
... training
epoch 1, minibatch 2000/2000, validation error 31.260000 %
The parameters are:
W
[[-0.54270798 -0.85922432  1.16133714]
 [-0.25134149 -0.39250183  0.58860838]
 [-0.53427887  0.59130341 -0.59163535]
 [ 0.46232656  0.8354404  -1.03736246]
 [ 0.26683     0.02878982 -0.50343192]
 [ 0.65016919 -0.70751035  0.57965034]
 [ 0.64062035 -0.95280087  0.9508872 ]
 [ 0.11232136  1.39737582 -1.44970644]
 [ 0.07267345 -0.9663856   0.41223121]
 [-0.34650457 -0.66872454  0.44687307]]
b
[ 0.4369733  -0.21172084 -0.22525285]
W
[[-1.42069674  0.53507483 -1.20645893  0.97499835  0.04300548 -1.62093723
  -1.04958642  0.93094325  0.24102919  0.93587649]
 [ 0.77708727 -0.24813445  1.30651867 -0.2976647   0.13471821  1.29562962
   0.58938634 -1.15568185  0.5632934   0.04354353]
 [ 0.55193073 -0.19521609  0.19386764 -0.60888553  0.72231519  1.20831382
   0.52522582 -0.12077484 -0.01490078 -0.20932202]
 [ 0.46711862 -0.07976849  0.38092661 -0.45314679  0.26062146  0.25352636
  -0.365677    0.5500434  -0.07511584  0.52820009]]
b
[ 0.07268072  0.06507326 -0.01110505  0.01727029 -0.06202516 -0.00582431
 -0.0882927   0.0057543  -0.05881538 -0.06120353]
W
[[ -8.42191815e-01  -5.65052807e-01  -2.07152084e-01   5.36382556e-01
    1.86510161e-01  -2.05744371e-01  -8.72733772e-01   5.81268787e-01
   -3.92871261e-01  -2.47452766e-01]
 [ -2.69335538e-01   2.02477738e-01  -2.34499257e-02  -6.72085464e-01
    8.61188173e-02   5.17130136e-01   4.34329927e-01   3.43641996e-01
    5.51252007e-01   4.07096893e-01]
 [ -6.49915338e-01  -1.20668136e-01   2.02470452e-01   4.05457430e-02
    1.08467797e-02  -6.48509979e-01  -3.44561070e-01   1.05028749e+00
   -5.76962590e-01  -6.81090474e-01]
 [  5.12349427e-01   2.45517299e-01  -2.65240878e-01  -6.76026344e-01
   -3.27882171e-01   6.47136629e-01   2.37590641e-01  -3.40598911e-01
   -3.59161139e-01  -3.90927233e-02]
 [ -6.18555583e-02   1.43263415e-01   4.72264916e-01   1.48580879e-01
    1.97100982e-01  -4.32882845e-01   1.91135630e-01   3.76632035e-01
    8.54267254e-02  -5.19165732e-02]
 [ -9.59542453e-01  -2.75723308e-01   4.65193868e-01   1.03877282e+00
    1.13811478e-01  -3.80194485e-01  -5.58709383e-01   1.15370703e+00
   -8.05113852e-01  -2.05139220e-01]
 [ -3.79116312e-02   3.19637246e-02   5.41946471e-01   3.71705204e-01
    5.80961049e-01  -5.64656496e-01  -8.01564753e-01   5.25068521e-01
   -5.64171016e-01   2.75849044e-01]
 [  3.33418459e-01  -6.28572481e-04  -3.60271841e-01  -6.91919494e-03
    2.43171990e-01  -3.91492434e-02   2.13750720e-01  -9.99104142e-01
    6.21751904e-01   5.67503333e-01]
 [  2.40195274e-01   4.36965257e-01   2.06109747e-01   9.14260373e-02
   -1.86318979e-01  -2.82537997e-01  -6.02676794e-02   1.28115416e-01
   -4.20723021e-01  -4.62322295e-01]
 [ -7.87252411e-02   1.65702835e-01   2.49158740e-01  -3.47103417e-01
   -3.53490442e-01  -2.67551690e-01   7.18404889e-01  -5.25351644e-01
   -1.02245286e-01   1.55559421e-01]]
b
[-0.11891679 -0.11230439 -0.14890243  0.08457148  0.11858952  0.17123242
  0.11247166  0.00518392 -0.00661809 -0.03664706]
     epoch 1, minibatch 2000/2000, test error of best model 30.896294 %
epoch 2, minibatch 2000/2000, validation error 29.560000 %
The parameters are:
W
[[-0.48615223 -0.86537063  1.11568618]
 [-0.23265463 -0.36364844  0.54216367]
 [-0.55044764  0.60421443 -0.57777512]
 [ 0.44389462  0.88215065 -1.0708003 ]
 [ 0.23297369  0.03210187 -0.46876901]
 [ 0.64176607 -0.6925571   0.56274247]
 [ 0.63860863 -0.92355788  0.91099203]
 [ 0.09509216  1.43267083 -1.46896601]
 [ 0.04202156 -0.96864748  0.45469299]
 [-0.34984675 -0.67048937  0.46324921]]
b
[ 0.70247948 -0.31725332 -0.38522664]
W
[[-1.31043065  0.51572257 -0.96481639  0.92491031  0.09373999 -1.47841656
  -0.95566601  0.77857572  0.2717379   0.91548914]
 [ 1.06964242 -0.25722077  2.00161958 -0.39476264  0.27433658  1.73292828
   0.81947809 -1.65863097  0.67789775 -0.05369401]
 [ 1.0544157  -0.4675267   0.36565807 -1.01433766  0.83663476  1.98920095
   0.92686051 -0.26510105  0.04978532 -0.42586637]
 [ 0.4488214  -0.07519777  0.36222985 -0.43864864  0.25222984  0.23471713
  -0.36569092  0.54722339 -0.07588353  0.52090704]]
b
[ 0.10255156  0.04425719  0.00109803  0.09448054 -0.11830192 -0.03405124
 -0.00079757  0.00099507 -0.03384423 -0.08147244]
W
[[-0.79982233 -0.53526485 -0.22492538  0.56802392  0.16317184 -0.17748849
  -0.9145357   0.5772056  -0.38359857 -0.22375752]
 [-0.26449874  0.19037589 -0.00509239 -0.70680207  0.08598956  0.48298052
   0.43217126  0.35190409  0.51670605  0.39196458]
 [-0.64565569 -0.12402134  0.17636751 -0.05484669  0.03152587 -0.61978722
  -0.28378001  1.21856642 -0.65379226 -0.72293514]
 [ 0.50640756  0.22681271 -0.25716123 -0.79241133 -0.30563837  0.62243754
   0.30792162 -0.29762441 -0.38983533 -0.05747991]
 [-0.13108614  0.11660459  0.50551575  0.29509255  0.20332134 -0.46092612
   0.09306881  0.40895563  0.07767662 -0.07290454]
 [-0.99712586 -0.27972418  0.4744941   1.19188166  0.11056928 -0.38504738
  -0.68638462  1.23757768 -0.82070458 -0.22647452]
 [-0.05221308  0.03527568  0.50863761  0.44996434  0.57094055 -0.52178937
  -0.81809986  0.53052801 -0.53651732  0.2704266 ]
 [ 0.34751379  0.01133209 -0.34165213  0.06882517  0.21578898 -0.04326837
   0.17053236 -1.16105866  0.69645274  0.6129573 ]
 [ 0.18278423  0.40002388  0.20828845  0.05337292 -0.14988628 -0.28810129
  -0.02308413  0.26114964 -0.47618744 -0.51028246]
 [-0.13301358  0.12978782  0.27343106 -0.37678677 -0.31419095 -0.29612866
   0.74078029 -0.41247314 -0.15438902  0.09950483]]
b
[-0.12602213 -0.17467159 -0.20775329 -0.02664961  0.12788047  0.21149394
 -0.01418963 -0.0138298  -0.06822383 -0.00569416]
     epoch 2, minibatch 2000/2000, test error of best model 29.205688 %
epoch 3, minibatch 2000/2000, validation error 16.460000 %
The parameters are:
W
[[-0.44655105 -0.88550806  1.10090911]
 [-0.22475293 -0.36538792  0.5370729 ]
 [-0.67202824  0.65341026 -0.49499491]
 [ 1.19277966  0.79449278 -1.73709095]
 [ 0.16592185  0.08128185 -0.4468582 ]
 [ 0.74014437 -0.73215485  0.49381301]
 [ 1.22401834 -1.41395998  0.80357009]
 [ 0.10957184  1.73641372 -1.78835762]
 [ 0.07726743 -1.07309806  0.53325218]
 [-0.43747768 -0.68567133  0.57710505]]
b
[ 1.13049245 -0.47262964 -0.65786326]
W
[[ -1.26162422e+00   6.37885571e-01  -4.95873898e-01   9.93951261e-01
    1.57225281e-01  -1.38450027e+00  -9.27580833e-01   3.80950898e-01
    4.04808074e-01   9.95357096e-01]
 [  9.36435342e-01   1.83539733e-01   3.15559793e+00   2.63153284e-04
    3.29576164e-01   1.69822443e+00   6.60517037e-01  -2.64537525e+00
    1.03464043e+00   2.31873795e-01]
 [  1.70924079e+00  -1.08877385e+00  -1.27192676e-01  -1.74297953e+00
    9.91576612e-01   2.92554712e+00   1.51038682e+00   2.14250565e-01
   -1.30519927e-01  -8.88056278e-01]
 [  4.34056848e-01  -7.30829388e-02   3.43468547e-01  -4.27207440e-01
    2.44253829e-01   2.19662175e-01  -3.63119096e-01   5.45621872e-01
   -7.76727274e-02   5.11469960e-01]]
b
[ 0.14939792  0.09419117  0.05744758  0.11428176 -0.30356216 -0.07962545
  0.04887846 -0.02549589 -0.08648361 -0.09308866]
W
[[-0.77879882 -0.50472087 -0.23035215  0.8143729   0.13361931 -0.15167727
  -1.20922446  0.39997029 -0.33759415 -0.17652647]
 [-0.25593877  0.17037855 -0.02058725 -1.03817844  0.10141892  0.46507022
   0.71186143  0.59586191  0.41869146  0.33658129]
 [-0.64150196 -0.15773165  0.13299312 -0.67082989  0.08212601 -0.62087011
   0.32860196  1.99480927 -0.92289329 -0.91556877]
 [ 0.51165277  0.19908994 -0.28114203 -1.34682572 -0.27454263  0.60034186
   0.75551611  0.09050818 -0.51783055 -0.12114342]
 [-0.16025773  0.11431652  0.55712497  0.59270972  0.19670832 -0.49828744
  -0.06064801  0.32490769  0.10115848 -0.08344595]
 [-1.0244844  -0.26394561  0.50264055  1.70101774  0.09100337 -0.38813922
  -1.11541879  1.05729139 -0.76625401 -0.22232579]
 [-0.07037514  0.04300086  0.48838952  0.72488916  0.54864323 -0.48344058
  -1.07522345  0.36073342 -0.47757465  0.29296327]
 [ 0.34522665  0.04092975 -0.29027212  0.60403413  0.16488932 -0.04292389
  -0.39361605 -1.83369958  0.92229474  0.78095651]
 [ 0.15283757  0.36623064  0.19132735 -0.21631227 -0.1125242  -0.28963348
   0.29791206  0.63467908 -0.592255   -0.60416442]
 [-0.15826339  0.09609702  0.26820201 -0.66742778 -0.2702406  -0.30993176
   1.07786846 -0.07078072 -0.25692528  0.00715815]]
b
[-0.26143003 -0.27409786 -0.33369532 -0.38107038  0.15810958  0.30647409
 -0.34018898 -0.06024548 -0.11651035  0.08400793]
     epoch 3, minibatch 2000/2000, test error of best model 16.673370 %
epoch 4, minibatch 2000/2000, validation error 8.120000 %
The parameters are:
W
[[-0.55847389 -1.00913274  1.34104252]
 [-0.37962115 -0.34604651  0.67365634]
 [-0.99030572  0.8509708  -0.36409253]
 [ 2.49865842  0.35023999 -2.60367441]
 [ 0.19791482  0.1257219  -0.51933169]
 [ 1.03749132 -0.95154762  0.40591156]
 [ 2.5990653  -2.44483256  0.44723201]
 [ 0.10355437  2.14498234 -2.19206095]
 [ 0.05300819 -1.27040124  0.76398873]
 [-0.48106369 -0.80219889  0.74804646]]
b
[ 1.66571236 -0.70301956 -0.96269202]
W
[[-1.47729385  0.99327832  0.16910073  1.38811278  0.11280317 -1.65589201
  -1.15270817 -0.21519937  0.66277206  1.30331039]
 [ 0.72604972  0.51065934  3.90193701  0.34411374  0.33594632  1.51120067
   0.4473699  -3.28828621  1.32965434  0.58832181]
 [ 2.20427275 -1.43066692 -0.22739184 -2.20285106  1.11657417  3.68523979
   1.94910157  0.33488721 -0.21859337 -1.24058998]
 [ 0.42448533 -0.07498729  0.32304382 -0.42136914  0.23824793  0.21165259
  -0.35616884  0.54636115 -0.08104073  0.49814117]]
b
[ 0.08335757  0.0499098   0.00520606  0.02840881 -0.41238499 -0.01806549
  0.04099939 -0.00274238 -0.08993682 -0.11996835]
W
[[-0.84661788 -0.5143038  -0.21115059  1.11169231  0.1502208  -0.15089163
  -1.63173604  0.36301532 -0.34123272 -0.19669051]
 [-0.22092611  0.13534041 -0.03405467 -1.39190459  0.12287857  0.43655214
   1.08978891  0.69669688  0.38068062  0.29923093]
 [-0.73020697 -0.26886633  0.20957172 -1.15908575  0.16395113 -0.763089
   0.95815498  2.31244826 -1.07895887 -1.0571928 ]
 [ 0.56087643  0.16526222 -0.30100214 -1.82236564 -0.24768791  0.57369685
   1.2986517   0.21314333 -0.53328228 -0.14341518]
 [-0.18997805  0.148931    0.62962174  0.76210976  0.15668476 -0.55833286
  -0.07559409  0.36015925  0.0418884  -0.07528483]
 [-1.16987884 -0.28444347  0.57089704  2.15235996  0.10950854 -0.43945342
  -1.63207257  1.10285878 -0.8273831  -0.28372785]
 [-0.15022767  0.03105439  0.49022973  1.03319359  0.54937637 -0.46713471
  -1.42828155  0.32854989 -0.47573298  0.26768419]
 [ 0.41977856  0.13753292 -0.34826282  1.0356034   0.08999743  0.08715016
  -0.96765983 -2.10649848  1.05263352  0.90223753]
 [ 0.11052573  0.3229937   0.22449502 -0.43922713 -0.0856024  -0.34877378
   0.66067445  0.81032127 -0.66733617 -0.6565116 ]
 [-0.14692442  0.07466795  0.27630186 -0.98319489 -0.25409296 -0.343514
   1.52977264  0.08687028 -0.3104125  -0.02844632]]
b
[ -3.34846348e-01  -4.10980552e-01  -5.08065283e-01  -6.54164016e-01
   2.81824559e-01   4.58120793e-01  -6.38554335e-01  -6.87843980e-03
  -5.17538600e-02   1.26488318e-04]
     epoch 4, minibatch 2000/2000, test error of best model 7.878483 %
epoch 5, minibatch 2000/2000, validation error 6.820000 %
The parameters are:
W
[[-0.59697217 -1.13351107  1.50841117]
 [-0.46000859 -0.34013638  0.7491684 ]
 [-1.12041044  0.95740068 -0.33043626]
 [ 2.88565779  0.38355878 -3.02886701]
 [ 0.22876525  0.14546634 -0.56604588]
 [ 1.16829479 -1.08091164  0.39471355]
 [ 3.08569717 -2.92523623  0.42908671]
 [ 0.0940357   2.34347343 -2.38214397]
 [ 0.04153224 -1.40503311  0.9190945 ]
 [-0.47477829 -0.91013134  0.86030728]]
b
[ 1.87959969 -0.79664308 -1.08295786]
W
[[-1.66476202  1.3023653   0.78069401  1.74179709  0.09146243 -1.85937464
  -1.33802187 -0.76497442  0.92674345  1.5863508 ]
 [ 0.73636526  0.55572104  4.20124626  0.36497694  0.38816714  1.5867672
   0.46201688 -3.52531433  1.43805325  0.68039525]
 [ 2.3730371  -1.41570079  0.1310475  -2.24238753  1.17393613  4.03429413
   2.06822371  0.03421029 -0.09382375 -1.23349607]
 [ 0.41586557 -0.07720582  0.30318421 -0.41627413  0.23233077  0.20454222
  -0.34883881  0.54701436 -0.08475654  0.48431304]]
b
[ 0.02448296  0.01271972 -0.01194309  0.00205052 -0.35003296 -0.00367657
  0.04846997  0.00559829 -0.04400174 -0.07462283]
W
[[-0.91344911 -0.5115419  -0.18219706  1.22789073  0.15556021 -0.17395836
  -1.73111045  0.37420925 -0.34849966 -0.22245945]
 [-0.17780827  0.11097377 -0.02687564 -1.47854662  0.13372748  0.40947261
   1.19826293  0.70425516  0.36141092  0.29234859]
 [-0.78435922 -0.35715151  0.29720306 -1.26187849  0.22458619 -0.87744188
   1.1542362   2.36399841 -1.13189113 -1.10252857]
 [ 0.61824965  0.14147574 -0.30253059 -1.93113339 -0.23163821  0.55923384
   1.45503545  0.20805758 -0.52097774 -0.1282618 ]
 [-0.25189787  0.15533467  0.65111911  0.74404925  0.14603038 -0.5786323
  -0.05150595  0.42864197 -0.01247864 -0.09372554]
 [-1.31665242 -0.30558202  0.62286621  2.24380469  0.13122933 -0.50183755
  -1.74358237  1.21669161 -0.88773131 -0.35751686]
 [-0.22925407  0.02150461  0.48937845  1.13784027  0.54787397 -0.46474078
  -1.49478364  0.35299096 -0.48074996  0.23093961]
 [ 0.46584341  0.21556556 -0.42070326  1.12489915  0.03317961  0.19803046
  -1.13072646 -2.14850855  1.09599328  0.94020396]
 [ 0.07330375  0.27937752  0.25382456 -0.52414566 -0.05787019 -0.39056823
   0.7815277   0.88488948 -0.7062338  -0.6798712 ]
 [-0.1311053   0.04973673  0.2825996  -1.10768569 -0.23462833 -0.35923529
   1.66194499  0.15059219 -0.34025535 -0.04096523]]
b
[-0.30660528 -0.47309655 -0.55438066 -0.69472677  0.33034468  0.49130368
 -0.69100994  0.04063538 -0.0230874  -0.04058803]
     epoch 5, minibatch 2000/2000, test error of best model 6.598679 %
epoch 6, minibatch 2000/2000, validation error 5.600000 %
The parameters are:
W
[[-0.60882109 -1.23157668  1.62272859]
 [-0.51766366 -0.33408648  0.80178475]
 [-1.19158936  1.02399635 -0.31607524]
 [ 3.09584093  0.46648508 -3.32674837]
 [ 0.2560932   0.15198478 -0.59608674]
 [ 1.24150681 -1.16391551  0.3949517 ]
 [ 3.3573873  -3.25493383  0.47539648]
 [ 0.09639435  2.52728534 -2.56942177]
 [ 0.02812554 -1.51543295  1.05171585]
 [-0.47185332 -1.00726867  0.96492386]]
b
[ 2.01482248 -0.85455465 -1.16026938]
W
[[-1.80761445  1.53673673  1.2772392   2.01348639  0.11497444 -1.99945807
  -1.47159648 -1.21176755  1.15454614  1.81393898]
 [ 0.7513696   0.59267932  4.46934843  0.38545784  0.37133411  1.66682494
   0.48363185 -3.74065661  1.54168904  0.75488186]
 [ 2.48110247 -1.36105549  0.49566346 -2.23396111  1.25199604  4.30743885
   2.13581514 -0.27369621  0.04527056 -1.17319024]
 [ 0.40753266 -0.07902288  0.28486687 -0.4110004   0.22654884  0.19760934
  -0.34171435  0.54670018 -0.08823152  0.47088188]]
b
[-0.00901787 -0.00510141 -0.02151618 -0.00583262 -0.29456824  0.00561767
  0.05965103  0.01737597 -0.02247179 -0.03656404]
W
[[-0.97618842 -0.50327259 -0.16194366  1.26478827  0.15255913 -0.18810333
  -1.74051046  0.36716232 -0.33287868 -0.23350066]
 [-0.13604851  0.08914332 -0.01676859 -1.51819861  0.14663021  0.38501006
   1.24959588  0.73606467  0.31976357  0.27508149]
 [-0.811023   -0.43043384  0.36718744 -1.3810333   0.27898714 -0.95790809
   1.32969964  2.45851493 -1.20368195 -1.15466285]
 [ 0.67354363  0.11860237 -0.29963169 -1.96929419 -0.211367    0.54634267
   1.52368891  0.23257512 -0.5379383  -0.12765509]
 [-0.3009828   0.15630038  0.65870488  0.70070314  0.13886508 -0.59004682
  -0.0141945   0.48328605 -0.04366811 -0.1159936 ]
 [-1.43993783 -0.31544027  0.6599279   2.22093844  0.13941066 -0.54945463
  -1.7273531   1.29136121 -0.90739918 -0.40617576]
 [-0.2995131   0.01582173  0.48248163  1.17651927  0.53977978 -0.45727763
  -1.48613048  0.35509735 -0.46375507  0.2098843 ]
 [ 0.48800144  0.28007606 -0.47860941  1.22566354 -0.01808777  0.27983734
  -1.27204835 -2.22892308  1.15716827  0.98446035]
 [ 0.05438221  0.24220285  0.27582449 -0.60022849 -0.03204299 -0.41944721
   0.87554038  0.96500129 -0.74855483 -0.70519638]
 [-0.10360358  0.02621166  0.29039162 -1.18549943 -0.21218257 -0.37333736
   1.7254622   0.2272625  -0.38409922 -0.06307539]]
b
[-0.27916941 -0.51806462 -0.58341432 -0.71452749  0.36517012  0.51952839
 -0.71758455  0.06926814 -0.01899748 -0.04720016]
     epoch 6, minibatch 2000/2000, test error of best model 5.508475 %
