Label 0.0 : 40695
Label 1.0 : 4653
Label 2.0 : 4653
... building the model
add hidden layer  1  with unit 10
initial logistic W: [[-0.48624328  0.09566858 -0.23121797]
 [-0.63287842 -0.06551355  0.36293623]
 [ 0.64826405 -0.23706825  0.25341213]
 [ 0.66838324 -0.31501344 -0.05934216]
 [-0.37949452 -0.56596458  0.42230743]
 [-0.079366    0.33964762 -0.22922444]
 [-0.51427507  0.27864802 -0.38355803]
 [ 0.24217387 -0.31700739 -0.14493154]
 [-0.3104566  -0.39840639 -0.12757336]
 [ 0.32153389 -0.61375856 -0.63589084]]
initial logistic b: [ 0.  0.  0.]
The parameters are:
W
[[-0.48624328  0.09566858 -0.23121797]
 [-0.63287842 -0.06551355  0.36293623]
 [ 0.64826405 -0.23706825  0.25341213]
 [ 0.66838324 -0.31501344 -0.05934216]
 [-0.37949452 -0.56596458  0.42230743]
 [-0.079366    0.33964762 -0.22922444]
 [-0.51427507  0.27864802 -0.38355803]
 [ 0.24217387 -0.31700739 -0.14493154]
 [-0.3104566  -0.39840639 -0.12757336]
 [ 0.32153389 -0.61375856 -0.63589084]]
b
[ 0.  0.  0.]
W
[[-0.40389585  0.15987791 -0.08153353  0.37362209  0.36657438 -0.29774618
  -0.29267699  0.39524347  0.59984523  0.49221137]
 [-0.18616089  0.00130293  0.24020937  0.27849233 -0.16988164  0.08012462
   0.00403681 -0.63662654  0.35721388  0.50099492]
 [-0.17690577  0.15108906 -0.55595648 -0.1717497   0.56711352  0.19820051
  -0.13459341  0.3780365  -0.23981781  0.08916207]
 [ 0.48330119 -0.0835686   0.39560413 -0.46641871  0.26744038  0.26785982
  -0.36818755  0.55628228 -0.07575554  0.53592038]]
b
[ 0.  0.  0.  0.  0.  0.  0.  0.  0.  0.]
W
[[-0.48220482 -0.34584618 -0.49584743  0.19157247  0.10365625  0.03648946
  -0.50026345  0.06729656 -0.18658887  0.00325   ]
 [-0.42514849  0.11742482  0.07223874 -0.54031289  0.12865095  0.45145801
   0.31825325  0.53904825  0.50259215  0.31983069]
 [-0.23524579  0.13683939 -0.02399704 -0.33337113 -0.12891477 -0.48870689
  -0.05296652  0.52800971 -0.41195014 -0.41694734]
 [ 0.26128891  0.09563634 -0.031075   -0.43037102 -0.29662621  0.43813992
  -0.09119193  0.03927353 -0.54092145 -0.21838607]
 [-0.06913006  0.12285307  0.45811304  0.13773762  0.22565903 -0.38358796
   0.26954895  0.3626      0.14648925 -0.06757814]
 [-0.38058746  0.07493898  0.03091815  0.49451545 -0.02151544  0.00280386
   0.04039804  0.34966835 -0.48515552  0.18559222]
 [ 0.2926116   0.22797896  0.32520172  0.06327382  0.51029837 -0.38652024
  -0.51524591  0.10285517 -0.42276984  0.49383745]
 [-0.19092797 -0.33562392 -0.04621502  0.46052796  0.41524947 -0.27099586
  -0.16649802 -0.34770662  0.44014552  0.22624026]
 [ 0.24829191  0.43827426  0.30580863  0.10861862 -0.22881083 -0.38187736
  -0.18055712  0.17258933 -0.46737984 -0.48746607]
 [-0.19368038  0.09911785  0.38767645 -0.23326142 -0.35813692 -0.40090969
   0.54186612 -0.35109249 -0.19986744  0.07480948]]
b
[ 0.  0.  0.  0.  0.  0.  0.  0.  0.  0.]
... training
epoch 1, minibatch 2000/2000, validation error 67.300000 %
The parameters are:
W
[[-0.42019364  0.0378691  -0.22713904]
 [-0.56294316 -0.06920545  0.30334121]
 [ 0.60907143 -0.1914224   0.23378202]
 [ 0.55301476 -0.22334415 -0.04147159]
 [-0.38769752 -0.5016439   0.37656292]
 [-0.04969939  0.27048823 -0.19034748]
 [-0.49150741  0.25372159 -0.36912265]
 [ 0.2117231  -0.27439812 -0.15273216]
 [-0.31181863 -0.38378254 -0.12424917]
 [ 0.23446169 -0.5540992  -0.59007818]]
b
[ 0.03357346  0.0113538  -0.04492739]
W
[[-0.38804346  0.13999604 -0.07228484  0.37033066  0.35072064 -0.29292852
  -0.27620426  0.38035786  0.58810902  0.45858988]
 [-0.18004484 -0.01748239  0.23597836  0.31050041 -0.1996578   0.07191827
  -0.02424499 -0.65934503  0.34014013  0.47755766]
 [-0.16812909  0.13034251 -0.54136878 -0.14668286  0.5340364   0.19089453
  -0.1420486   0.34853515 -0.24070582  0.06917527]
 [ 0.47882524 -0.09964842  0.39180022 -0.43619806  0.241136    0.25867492
  -0.36984569  0.52389395 -0.07923924  0.50667197]]
b
[ 0.03054953 -0.0253941  -0.00720524  0.00583594 -0.03091276  0.02453447
  0.01676074 -0.0116304  -0.02653796 -0.04651993]
W
[[-0.4629434  -0.32413778 -0.49871767  0.16608135  0.10504419  0.04027469
  -0.47953892  0.0539573  -0.18200652 -0.01431582]
 [-0.41585633  0.11560717  0.06905731 -0.52937829  0.12442114  0.44324714
   0.31166962  0.52775532  0.49144179  0.3106924 ]
 [-0.23238295  0.11830525 -0.02092252 -0.3177821  -0.14148492 -0.47513115
  -0.05073513  0.52264243 -0.40780115 -0.39561728]
 [ 0.23667869  0.08206541 -0.00400779 -0.38993561 -0.27498338  0.41380972
  -0.11126418  0.05777195 -0.52400839 -0.1879189 ]
 [-0.05627653  0.12726781  0.43057349  0.12476288  0.20824495 -0.36594436
   0.27129292  0.34594691  0.13597837 -0.08850282]
 [-0.35115775  0.09912086 -0.00087242  0.44688055 -0.02633078  0.0164341
   0.06024216  0.31894523 -0.47997293  0.14107788]
 [ 0.29546276  0.22372901  0.30825299  0.0433944   0.49090227 -0.3703219
  -0.48773298  0.09217    -0.41524994  0.48175728]
 [-0.17370652 -0.30755153 -0.06598646  0.43030509  0.40845174 -0.25913781
  -0.15531589 -0.35573211  0.4283337   0.18881257]
 [ 0.24404281  0.42095616  0.29724264  0.11462893 -0.23777947 -0.3699958
  -0.17846966  0.17162289 -0.4639219  -0.47697681]
 [-0.18265785  0.10284171  0.36743748 -0.22993252 -0.35933053 -0.38707229
   0.52944183 -0.34899825 -0.20282991  0.05402041]]
b
[-0.00170603 -0.031076    0.00379973  0.03096558 -0.03533449  0.01284845
 -0.01475318  0.01425757 -0.01500919  0.01666716]
     epoch 1, minibatch 2000/2000, test error of best model 66.633875 %
epoch 2, minibatch 2000/2000, validation error 66.860000 %
The parameters are:
W
[[-0.37724093  0.00671525 -0.22685397]
 [-0.5080871  -0.07348505  0.25928789]
 [ 0.57785136 -0.16712101  0.22778392]
 [ 0.47616768 -0.16482654 -0.02885648]
 [-0.38842461 -0.44422182  0.3300359 ]
 [-0.03278909  0.22942674 -0.16679969]
 [-0.4647083   0.21236415 -0.34253103]
 [ 0.18696262 -0.24004516 -0.15805551]
 [-0.30400306 -0.37883121 -0.12075987]
 [ 0.16969378 -0.50269246 -0.55867946]]
b
[ 0.04244425  0.00524491 -0.04768945]
W
[[-0.36847675  0.13122855 -0.07010677  0.35000244  0.34150875 -0.2838549
  -0.2502628   0.37774763  0.57215923  0.42742619]
 [-0.1679934  -0.02477589  0.22684723  0.31805083 -0.21995203  0.07221795
  -0.03568199 -0.66697323  0.31964877  0.45504844]
 [-0.15450208  0.12093615 -0.5328604  -0.14269757  0.50934678  0.19006938
  -0.13605827  0.33295375 -0.24554677  0.05063937]
 [ 0.47949317 -0.10448695  0.38214633 -0.42707467  0.22298594  0.25604177
  -0.35838962  0.50548935 -0.08674558  0.47912243]]
b
[ 0.04393084 -0.03333263 -0.00996003  0.00919195 -0.05659629  0.0205689
  0.02958211 -0.02824312 -0.04209784 -0.08431194]
W
[[-0.44668239 -0.30855229 -0.50000548  0.14817648  0.10195698  0.04372434
  -0.46024805  0.04351763 -0.17935157 -0.02668969]
 [-0.40817094  0.11329168  0.06826924 -0.51711756  0.12348299  0.43376601
   0.30380023  0.51830178  0.481971    0.30488122]
 [-0.22789547  0.10640306 -0.01991331 -0.3072722  -0.14944877 -0.46242121
  -0.04788016  0.51509798 -0.40289128 -0.38060328]
 [ 0.2203844   0.07620968  0.01442701 -0.36512038 -0.25735927  0.39512318
  -0.12508577  0.06761479 -0.5083223  -0.17113996]
 [-0.04990306  0.12792134  0.41228211  0.1220195   0.20646915 -0.35460794
   0.26552379  0.33863944  0.13161005 -0.09345807]
 [-0.33143285  0.11165605 -0.02221379  0.41859382 -0.02543329  0.02436586
   0.07213293  0.29989231 -0.47274545  0.11687081]
 [ 0.29804313  0.22064121  0.289327    0.02455391  0.46521312 -0.35427409
  -0.45885536  0.07904754 -0.4115704   0.46389049]
 [-0.1648128  -0.28910777 -0.07485881  0.41528341  0.41126302 -0.25300381
  -0.15245558 -0.3531968   0.42105448  0.17128302]
 [ 0.23821582  0.40623546  0.29233125  0.12155614 -0.23485273 -0.36158356
  -0.18003307  0.17399065 -0.45619887 -0.46192917]
 [-0.1759423   0.10442272  0.35391626 -0.22037449 -0.34357658 -0.37807319
   0.51173919 -0.33911377 -0.198872    0.04794486]]
b
[ 0.00549008 -0.03314514 -0.00438744  0.03869084 -0.03191426  0.02155486
 -0.02654692  0.02133102 -0.01735849  0.01663394]
     epoch 2, minibatch 2000/2000, test error of best model 66.037924 %
epoch 3, minibatch 2000/2000, validation error 65.720000 %
The parameters are:
W
[[-0.34529689 -0.01513366 -0.22510497]
 [-0.46443653 -0.07544386  0.22398612]
 [ 0.54857969 -0.1454576   0.22273174]
 [ 0.4197121  -0.12411354 -0.01871436]
 [-0.38325965 -0.39907277  0.28968859]
 [-0.02079893  0.19667433 -0.14662923]
 [-0.43967879  0.1756006  -0.31900236]
 [ 0.16567861 -0.21227713 -0.1603525 ]
 [-0.29400039 -0.3758547  -0.11780618]
 [ 0.11986842 -0.46093756 -0.53292668]]
b
[ 0.04967895 -0.00028172 -0.04939768]
W
[[-0.3520101   0.12715158 -0.06996527  0.33263436  0.33240232 -0.278972
  -0.22613606  0.37543318  0.55543989  0.39945671]
 [-0.15751393 -0.02724384  0.21747901  0.32349622 -0.23787616  0.07100406
  -0.04310705 -0.67228276  0.29932153  0.43451121]
 [-0.14317758  0.11630979 -0.525617   -0.13858116  0.4861939   0.18648617
  -0.1287425   0.31891486 -0.25084907  0.03446701]
 [ 0.478131   -0.10463087  0.37148529 -0.41785389  0.20615812  0.25071335
  -0.34588945  0.48867565 -0.09475709  0.45416278]]
b
[ 0.05336224 -0.03501234 -0.01392083  0.01326632 -0.07875188  0.01302846
  0.04183653 -0.04228712 -0.05683564 -0.11531623]
W
[[-0.4332329  -0.29681891 -0.49862328  0.13648316  0.09866473  0.04582096
  -0.44360569  0.03654054 -0.17699412 -0.03438405]
 [-0.40046045  0.11116144  0.06759165 -0.50591904  0.12260547  0.42464778
   0.29623029  0.50872672  0.47283226  0.29922798]
 [-0.2230237   0.09800485 -0.01967548 -0.29896992 -0.15452081 -0.45066398
  -0.04490384  0.50660914 -0.39744946 -0.36857364]
 [ 0.20862201  0.07331048  0.0272603  -0.34799668 -0.24284692  0.38004234
  -0.13463245  0.07285516 -0.49372846 -0.1605816 ]
 [-0.04428275  0.12696451  0.39683303  0.11839165  0.20637967 -0.34360471
   0.25836137  0.33241987  0.12824868 -0.09385514]
 [-0.31587803  0.1186558  -0.03792582  0.39760789 -0.02348135  0.030131
   0.08000686  0.28581879 -0.46519861  0.10156364]
 [ 0.29747221  0.21768552  0.2728869   0.01258684  0.4423686  -0.34174913
  -0.43292603  0.06874544 -0.40793219  0.44692209]
 [-0.157994   -0.27529523 -0.07956471  0.40293658  0.41394588 -0.24740389
  -0.15208836 -0.34827811  0.41452551  0.16072948]
 [ 0.23358759  0.3938131   0.28734916  0.12424239 -0.2297868  -0.35299852
  -0.181366    0.17493233 -0.44769838 -0.44778094]
 [-0.16843943  0.10362442  0.34146523 -0.21439455 -0.32860553 -0.36742529
   0.49469879 -0.32944381 -0.19461857  0.04659315]]
b
[ 0.01458819 -0.03514441 -0.01299659  0.03957861 -0.02580397  0.03132701
 -0.03821913  0.02713541 -0.01848422  0.02018719]
     epoch 3, minibatch 2000/2000, test error of best model 65.035643 %
epoch 4, minibatch 2000/2000, validation error 64.740000 %
The parameters are:
W
[[-0.32032838 -0.03111522 -0.22248147]
 [-0.42856249 -0.0760412   0.19497189]
 [ 0.52108061 -0.12608434  0.21844938]
 [ 0.37586284 -0.09459388 -0.00987526]
 [-0.3747009  -0.36317828  0.25500277]
 [-0.01209472  0.17022416 -0.12946348]
 [-0.41641036  0.14331694 -0.29842615]
 [ 0.14707182 -0.18928806 -0.16063048]
 [-0.28338578 -0.37371069 -0.11494765]
 [ 0.08004037 -0.42605287 -0.51065487]]
b
[ 0.05545342 -0.00471739 -0.05073674]
W
[[-0.33807218  0.12506963 -0.07049294  0.31746927  0.32389149 -0.27613655
  -0.20399605  0.37347305  0.53943068  0.37439635]
 [-0.14844467 -0.02778639  0.20898709  0.32740793 -0.25325537  0.0695354
  -0.04762871 -0.67559999  0.28070387  0.41591009]
 [-0.13378553  0.11365778 -0.51842427 -0.13440055  0.46488348  0.18184136
  -0.12078503  0.30628258 -0.25511822  0.0205146 ]
 [ 0.47509789 -0.10287955  0.36105883 -0.40861428  0.19097853  0.24438339
  -0.33299041  0.47330505 -0.10176315  0.43163046]]
b
[ 0.05988468 -0.03446479 -0.01723146  0.01707838 -0.09705161  0.00523061
  0.05319726 -0.05390658 -0.06916049 -0.14010866]
W
[[-0.42142025 -0.28743857 -0.49530238  0.12819411  0.09546822  0.04712954
  -0.42903969  0.03178774 -0.17474434 -0.03909865]
 [-0.39277729  0.10917588  0.06686285 -0.49533764  0.12168982  0.41584915
   0.28892627  0.49913937  0.46392104  0.29360041]
 [-0.2181794   0.09169859 -0.01971609 -0.29174608 -0.15768436 -0.43977264
  -0.04200498  0.49766389 -0.39167202 -0.35828829]
 [ 0.19952978  0.07167314  0.0363406  -0.33502918 -0.23053749  0.36738095
  -0.14123906  0.07552704 -0.48004317 -0.15323089]
 [-0.03968422  0.12553543  0.38376385  0.11461379  0.20681223 -0.33353886
   0.25045675  0.32660761  0.12543903 -0.09228738]
 [-0.30301854  0.12259776 -0.04960402  0.38084424 -0.02133049  0.03428087
   0.08522096  0.27465376 -0.45760211  0.09117666]
 [ 0.2951735   0.2145481   0.25845647  0.00472293  0.42225873 -0.33130991
  -0.4097932   0.06069593 -0.4040623   0.43133759]
 [-0.1526712  -0.26394397 -0.08138035  0.39222085  0.41592559 -0.24246183
  -0.15308778 -0.34231102  0.40844357  0.15361568]
 [ 0.22930162  0.3831822   0.28255183  0.124731   -0.22376196 -0.3448371
  -0.1823633   0.17472573 -0.43883654 -0.43482348]
 [-0.16113754  0.10190298  0.33023909 -0.21008269 -0.31497997 -0.35658672
   0.47841254 -0.32026297 -0.19048974  0.04733184]]
b
[ 0.02373139 -0.03643255 -0.0211295   0.03713277 -0.01902038  0.04021526
 -0.04876124  0.03181487 -0.01935864  0.02490155]
     epoch 4, minibatch 2000/2000, test error of best model 64.663530 %
epoch 5, minibatch 2000/2000, validation error 64.740000 %
The parameters are:
W
[[-0.3000921  -0.04324152 -0.21921176]
 [-0.39830023 -0.07580477  0.17061298]
 [ 0.4953357  -0.10879204  0.21473832]
 [ 0.34052643 -0.07263318 -0.00187959]
 [-0.36421785 -0.33449915  0.22541451]
 [-0.00572029  0.14887153 -0.11505428]
 [-0.39478058  0.11529321 -0.28070074]
 [ 0.13061614 -0.16993798 -0.15950322]
 [-0.27291742 -0.37173268 -0.11208877]
 [ 0.04756846 -0.39657813 -0.49067095]]
b
[ 0.05996642 -0.00800927 -0.05195788]
W
[[-0.3261506   0.12367704 -0.0711204   0.30389759  0.31626245 -0.27424133
  -0.18396454  0.37184149  0.52469623  0.35203505]
 [-0.14055337 -0.0278057   0.20172209  0.33005223 -0.26603878  0.06834371
  -0.05011735 -0.67720151  0.26439139  0.39921525]
 [-0.12595087  0.11162696 -0.51083672 -0.13030814  0.44556686  0.17695056
  -0.1127183   0.29489914 -0.25777668  0.00867866]
 [ 0.47076273 -0.10058498  0.35131687 -0.39951688  0.1776118   0.2378637
  -0.32019132  0.45921636 -0.10716804  0.4114103 ]]
b
[ 0.06416651 -0.03345565 -0.01933726  0.02011156 -0.11151957 -0.00166927
  0.06346142 -0.06336408 -0.07860555 -0.15946537]
W
[[-0.41068965 -0.27951732 -0.49058998  0.12190032  0.09247023  0.04789831
  -0.4160935   0.02847691 -0.17251469 -0.04187406]
 [-0.38515273  0.10728344  0.0660429  -0.48518598  0.12069495  0.4073343
   0.28188768  0.48958433  0.45519471  0.28799799]
 [-0.21347661  0.08674211 -0.01985451 -0.28513333 -0.15948418 -0.42958912
  -0.0392789   0.48852873 -0.38567451 -0.34914106]
 [ 0.19213516  0.07058143  0.04281499 -0.32450688 -0.21990247  0.35640407
  -0.14572459  0.07668266 -0.46715108 -0.14769147]
 [-0.03607114  0.12400557  0.37260181  0.11108945  0.2071611  -0.32454711
   0.24226438  0.32092384  0.1230232  -0.09001422]
 [-0.2920455   0.12464486 -0.05829024  0.36687055 -0.01940546  0.03718857
   0.08860998  0.26536119 -0.45004618  0.08375352]
 [ 0.29186988  0.21121776  0.24575205 -0.00065692  0.40470642 -0.32216212
  -0.38929084  0.05440573 -0.39987224  0.41726455]
 [-0.14844693 -0.25406766 -0.08119591  0.38268057  0.41699049 -0.23814584
  -0.15473863 -0.33593267  0.40272087  0.14821659]
 [ 0.22505419  0.37386847  0.27796009  0.12409249 -0.21741246 -0.33724824
  -0.1829536   0.17364675 -0.42980227 -0.4230811 ]
 [-0.15438817  0.09980778  0.3201569  -0.20638725 -0.30292425 -0.34623092
   0.46295479 -0.31161216 -0.18657367  0.0488271 ]]
b
[ 0.03207503 -0.03683559 -0.02828733  0.03337172 -0.01254599  0.04727963
 -0.05772814  0.03553683 -0.02018685  0.02945364]
epoch 6, minibatch 2000/2000, validation error 64.740000 %
The parameters are:
W
[[-0.28322899 -0.05274864 -0.21541427]
 [-0.37218222 -0.07508411  0.14979175]
 [ 0.47132573 -0.09340598  0.21144061]
 [ 0.31128943 -0.05602302  0.00547222]
 [-0.35272864 -0.31146976  0.20028083]
 [-0.00105511  0.13170154 -0.10310615]
 [-0.3746419   0.09116792 -0.26560637]
 [ 0.11593582 -0.15344636 -0.15737225]
 [-0.2629638  -0.36954105 -0.1092302 ]
 [ 0.02073183 -0.3714745  -0.47228986]]
b
[ 0.06353994 -0.01039094 -0.05314975]
W
[[-0.31582585  0.12243493 -0.07164275  0.29148531  0.30959579 -0.27272683
  -0.16607487  0.37046662  0.51133925  0.33214325]
 [-0.13362473 -0.0278489   0.19568074  0.33162856 -0.27636415  0.06759893
  -0.05126843 -0.67737633  0.25037986  0.38433176]
 [-0.11935794  0.10967579 -0.50275022 -0.12640543  0.42819902  0.17217806
  -0.10493578  0.28457972 -0.25880271 -0.0011934 ]
 [ 0.46543241 -0.09828787  0.34235963 -0.39067206  0.16602574  0.23151585
  -0.30786037  0.44622633 -0.1109395   0.39334014]]
b
[ 0.06671496 -0.03258789 -0.02026568  0.02218576 -0.12250338 -0.00740895
  0.07251603 -0.07095309 -0.08540101 -0.17425787]
W
[[-0.40072954 -0.27252677 -0.48485991  0.11685114  0.08967363  0.04826246
  -0.40440759  0.02610909 -0.17026629 -0.04338796]
 [-0.37761697  0.10545302  0.06514411 -0.47536719  0.11960278  0.39905941
   0.27510691  0.48012415  0.44663373  0.28242782]
 [-0.2089245   0.08269946 -0.02002631 -0.27893087 -0.16026948 -0.4199526
  -0.03677501  0.47935018 -0.37954143 -0.34077293]
 [ 0.18586521  0.06971022  0.04745755 -0.31548733 -0.21058579  0.34662202
  -0.14863509  0.07691214 -0.45495647 -0.14323832]
 [-0.03330214  0.12245426  0.36292586  0.10794488  0.20717521 -0.31651434
   0.23408501  0.31527203  0.1209339  -0.08760416]
 [-0.2824471   0.12541535 -0.06473215  0.35486346 -0.01787456  0.03917366
   0.09072602  0.25734824 -0.44256729  0.07823428]
 [ 0.28796354  0.20778249  0.23453592 -0.00448653  0.38941094 -0.31387648
  -0.37118694  0.04945405 -0.39534682  0.40459198]
 [-0.14503112 -0.24519536 -0.07964267  0.3740294   0.41713101 -0.23433191
  -0.15659474 -0.32945162  0.3973217   0.14367794]
 [ 0.22075897  0.36547658  0.27354214  0.12287258 -0.21104801 -0.33016992
  -0.1831256   0.17194241 -0.42069781 -0.41240531]
 [-0.14828159  0.09751632  0.31105936 -0.20282842 -0.29240814 -0.33656514
   0.44837159 -0.30343801 -0.18285544  0.05045518]]
b
[ 0.03923416 -0.03647256 -0.03419578  0.02935282 -0.00681246  0.05228409
 -0.06501146  0.0384803  -0.02091275  0.0332896 ]
