modprobe: ERROR: could not insert 'nvidia_340': No such device
WARNING (theano.sandbox.cuda): CUDA is installed, but device gpu is not available  (error: Unable to get the number of gpus available: no CUDA-capable device is detected)
Label 0.0 : 40695
Label 1.0 : 4653
Label 2.0 : 4653
... building the model
add hidden layer  1  with unit 40
initial logistic W: [[-0.1849916   0.34083247 -0.27797928]
 [ 0.2683275   0.19294943  0.0498067 ]
 [-0.35077924  0.37342355 -0.08612748]
 [-0.12631753 -0.12995858  0.24257529]
 [-0.09746262  0.00198003 -0.36869168]
 [-0.18812586 -0.02800798  0.31202003]
 [ 0.27144361  0.13862935  0.35240081]
 [ 0.25252715 -0.16680302 -0.16604817]
 [-0.11908405 -0.07179111  0.02981183]
 [-0.12848596  0.14958067 -0.06093195]
 [-0.17188051 -0.23879839 -0.30214441]
 [ 0.34723771 -0.04708211 -0.04074012]
 [ 0.32480177 -0.02551682  0.07795741]
 [-0.3365376   0.33526063  0.29537457]
 [ 0.00703471  0.11059409  0.14377651]
 [ 0.09412189 -0.08240034 -0.13942173]
 [-0.11224458  0.23495907 -0.13214678]
 [-0.31201214  0.26994216 -0.02602563]
 [-0.29752669  0.09486932  0.24474002]
 [ 0.30800417 -0.15456933  0.36900106]
 [-0.00994334 -0.15648946 -0.10528842]
 [ 0.01550392  0.35899705 -0.2324912 ]
 [ 0.15578419 -0.25896311  0.21723275]
 [ 0.14547278 -0.17828892  0.27160543]
 [-0.12910272 -0.12949669  0.27854806]
 [-0.07627029  0.06671623  0.29190835]
 [ 0.10147742 -0.18715709  0.2831372 ]
 [-0.25487548 -0.25341737  0.31572691]
 [-0.11629707 -0.03102059  0.37084508]
 [-0.32955214 -0.06148555  0.09418265]
 [-0.31437171 -0.36253276  0.18655093]
 [-0.16231541 -0.20672661 -0.01514427]
 [ 0.05078759 -0.08877401  0.03624743]
 [-0.14184332 -0.0652656  -0.03720098]
 [-0.20945001  0.00494563  0.02928197]
 [ 0.31908724  0.12573953 -0.1903266 ]
 [-0.07042672  0.21742821  0.04127689]
 [ 0.05550488 -0.19627385  0.06363127]
 [-0.08565143 -0.03510882  0.09981137]
 [ 0.16050248 -0.28692296  0.32562396]]
initial logistic b: [ 0.  0.  0.]
The parameters are:
W
[[-0.1849916   0.34083247 -0.27797928]
 [ 0.2683275   0.19294943  0.0498067 ]
 [-0.35077924  0.37342355 -0.08612748]
 [-0.12631753 -0.12995858  0.24257529]
 [-0.09746262  0.00198003 -0.36869168]
 [-0.18812586 -0.02800798  0.31202003]
 [ 0.27144361  0.13862935  0.35240081]
 [ 0.25252715 -0.16680302 -0.16604817]
 [-0.11908405 -0.07179111  0.02981183]
 [-0.12848596  0.14958067 -0.06093195]
 [-0.17188051 -0.23879839 -0.30214441]
 [ 0.34723771 -0.04708211 -0.04074012]
 [ 0.32480177 -0.02551682  0.07795741]
 [-0.3365376   0.33526063  0.29537457]
 [ 0.00703471  0.11059409  0.14377651]
 [ 0.09412189 -0.08240034 -0.13942173]
 [-0.11224458  0.23495907 -0.13214678]
 [-0.31201214  0.26994216 -0.02602563]
 [-0.29752669  0.09486932  0.24474002]
 [ 0.30800417 -0.15456933  0.36900106]
 [-0.00994334 -0.15648946 -0.10528842]
 [ 0.01550392  0.35899705 -0.2324912 ]
 [ 0.15578419 -0.25896311  0.21723275]
 [ 0.14547278 -0.17828892  0.27160543]
 [-0.12910272 -0.12949669  0.27854806]
 [-0.07627029  0.06671623  0.29190835]
 [ 0.10147742 -0.18715709  0.2831372 ]
 [-0.25487548 -0.25341737  0.31572691]
 [-0.11629707 -0.03102059  0.37084508]
 [-0.32955214 -0.06148555  0.09418265]
 [-0.31437171 -0.36253276  0.18655093]
 [-0.16231541 -0.20672661 -0.01514427]
 [ 0.05078759 -0.08877401  0.03624743]
 [-0.14184332 -0.0652656  -0.03720098]
 [-0.20945001  0.00494563  0.02928197]
 [ 0.31908724  0.12573953 -0.1903266 ]
 [-0.07042672  0.21742821  0.04127689]
 [ 0.05550488 -0.19627385  0.06363127]
 [-0.08565143 -0.03510882  0.09981137]
 [ 0.16050248 -0.28692296  0.32562396]]
b
[ 0.  0.  0.]
W
[[-0.22782798  0.0901833  -0.04599111  0.21075128  0.20677584 -0.16795149
  -0.1650921   0.22294737  0.33835834  0.27764466 -0.10500891  0.00073495
   0.13549636  0.15709086 -0.09582617  0.04519638  0.00227707 -0.3591058
   0.20149581  0.28259924 -0.09978832  0.08522572 -0.31360173 -0.09687989
   0.31989518  0.11180017 -0.07592092  0.21324134 -0.13527548  0.05029419
   0.27261865 -0.04713905  0.22315082 -0.26309565  0.15085672  0.1510933
  -0.2076858   0.31378555 -0.04273188  0.30229986]
 [-0.32510245 -0.23316944 -0.33430028  0.12915814  0.06988503  0.02460119
  -0.33727753  0.04537133 -0.1257982   0.00219115 -0.28663504  0.0791678
   0.04870335 -0.36427888  0.08673645  0.30437294  0.21456629  0.36342624
   0.33884755  0.2156298  -0.15860267  0.0922571  -0.0161788  -0.22475877
  -0.08691432 -0.32948613 -0.03571002  0.35598409 -0.27773672 -0.28110585
   0.17616095  0.06447801 -0.02095076 -0.29015607 -0.19998534  0.29539388
  -0.06148159  0.02647821 -0.36468917 -0.14723586]
 [-0.04660748  0.08282752  0.30885974  0.09286269  0.15213929 -0.25861493
   0.18172987  0.24446486  0.09876303 -0.04556117 -0.25659201  0.05052385
   0.02084501  0.33340225 -0.01450571  0.00189036  0.02723635  0.23574635
  -0.32709178  0.12512624  0.19727871  0.15370338  0.21925095  0.0426592
   0.34404308 -0.26059189 -0.3473787   0.06934494 -0.28503138  0.33294514
  -0.12872361 -0.22627759 -0.03115816  0.31048787  0.27996114 -0.18270537
  -0.11225294 -0.23442376  0.29674605  0.15253116]
 [ 0.16739836  0.29548445  0.20617613  0.07323066 -0.15426423 -0.25746167
  -0.12173158  0.1163597  -0.31510741 -0.32864955 -0.13057928  0.06682524
   0.2613714  -0.15726483 -0.24145585 -0.27029327  0.36532608 -0.23670651
  -0.1347506   0.05043655 -0.3623701   0.29589862  0.35246617  0.04201951
  -0.30666485 -0.12333585  0.16870576 -0.26407897  0.03875088 -0.16761866
   0.35043788  0.12391885 -0.180462   -0.28928113  0.20397298  0.20862383
   0.19320729  0.30605698  0.11715069  0.0504928 ]]
b
[ 0.  0.  0.  0.  0.  0.  0.  0.  0.  0.  0.  0.  0.  0.  0.  0.  0.  0.
  0.  0.  0.  0.  0.  0.  0.  0.  0.  0.  0.  0.  0.  0.  0.  0.  0.  0.
  0.  0.  0.  0.]
W
[[-0.16335514  0.1086114   0.24767762 ..., -0.21738864  0.16561715
   0.24403955]
 [ 0.26238036  0.20880949  0.06993427 ...,  0.17948833  0.21971317
  -0.03981736]
 [-0.27266207 -0.25087598 -0.19620113 ...,  0.10022161 -0.23214534
  -0.04925234]
 ..., 
 [-0.06360851 -0.06685434 -0.0405511  ...,  0.15735506  0.24526022
  -0.0546582 ]
 [ 0.08665868  0.01404153 -0.04483498 ..., -0.23216994 -0.14797819
  -0.00144168]
 [ 0.02343745 -0.00277427  0.16501948 ..., -0.25497702 -0.11338417
  -0.25069207]]
b
[ 0.  0.  0.  0.  0.  0.  0.  0.  0.  0.  0.  0.  0.  0.  0.  0.  0.  0.
  0.  0.  0.  0.  0.  0.  0.  0.  0.  0.  0.  0.  0.  0.  0.  0.  0.  0.
  0.  0.  0.  0.]
... training
